MULTIFILTER 7 21 62354   42158.00000
LAMBDAS
Si					0  7 14 TABLENL
414_nm.					1  8 15 TABLE
499_nm.					2  9 16 KEY TABLE
608_nm.					3 10 17 TABLE
662_nm.					4 11 18 TABLE
859_nm.					5 12 19 TABLE
934_nm.					6 13 20 TABLENL
END
SN1
1.95000 0.56547 0.63395 0.68114 0.73316 0.77385 0.81390 0.85248 0.88958 0.92528
0.95450 0.97905 0.99544 0.99703 0.98932 0.98302 0.97884 0.97571 0.97404 0.97216
0.97150 0.96999 0.96933 0.96938 0.96921 0.96895 0.96863 0.96764 0.96687 0.96641
0.96579 0.96459 0.96386 0.96289 0.96180 0.96127 0.95983 0.95834 0.95729 0.95648
0.95589 0.95552 0.95586 0.95539 0.95482 0.95492 0.95499 0.95591 0.95626 0.95714
0.95857 0.96021 0.96028 0.96176 0.96362 0.96581 0.96747 0.96923 0.97111 0.97343
0.97505 0.97733 0.97982 0.98142 0.98391 0.98527 0.98685 0.98854 0.99030 0.99142
0.99318 0.99388 0.99528 0.99595 0.99672 0.99812 0.99872 0.99930 0.99982 1.00012
1.00066 1.00042 1.00046 1.00050 1.00056 1.00030 1.00060 1.00054 1.00039 1.00045
1.00000
0.99957 0.99969 0.99970 0.99923 0.99861 0.99851 0.99815 0.99804 0.99739 0.99674
0.99622 0.99609 0.99475 0.99415 0.99358 0.99250 0.99146 0.98983 0.98910 0.98807
0.98573 0.98457 0.98312 0.98138 0.97958 0.97789 0.97584 0.97384 0.97100 0.96902
0.96660 0.96420 0.96143 0.95976 0.95763 0.95635 0.95409 0.95238 0.95076 0.94982
0.94830 0.94773 0.94654 0.94598 0.94638 0.94553 0.94600 0.94614 0.94631 0.94607
0.94598 0.94730 0.94785 0.94824 0.94955 0.94967 0.95029 0.95037 0.95055 0.95105
0.95147 0.95047 0.95027 0.94957 0.94883 0.94854 0.94821 0.94688 0.94747 0.94736
0.94776 0.94781 0.94799 0.95012 0.95344 0.95803 0.96455 0.96244 0.94801 0.92216
0.89037 0.85091 0.81332 0.77233 0.73076 0.68275 0.63058 0.56873 0.43968 1.95000 
END
SN2
1.95000 0.55922 0.60655 0.66689 0.72048 0.75222 0.80824 0.84764 0.88600 0.92822
0.95297 0.96701 0.98369 0.97672 0.97168 0.96423 0.96111 0.95862 0.95457 0.95288
0.95242 0.95212 0.95689 0.95864 0.96545 0.96525 0.96695 0.96560 0.96946 0.96857
0.96759 0.97251 0.97111 0.97634 0.97704 0.97563 0.98038 0.98241 0.98218 0.98441
0.98523 0.98591 0.98434 0.98599 0.98561 0.98524 0.98539 0.98569 0.98446 0.98485
0.98108 0.98320 0.98756 0.98918 0.98952 0.98948 0.98910 0.99089 0.99096 0.99209
0.99431 0.99325 0.99429 0.99513 0.99794 0.99772 0.99798 0.99608 0.99957 0.99944
1.00111 1.00209 1.00172 1.00425 1.00374 1.00309 1.00504 1.00544 1.00371 1.00390
1.00335 1.00294 1.00524 1.00397 1.00170 1.00366 1.00125 1.00408 1.00348 1.00048
1.00000
1.00199 1.00245 1.00267 1.00423 1.00273 1.00393 1.00489 1.00393 1.00661 1.00324
1.00274 1.00327 1.00216 0.99985 0.99979 0.99896 0.99927 0.99921 0.99958 0.99824
0.99817 0.99427 0.99537 0.99508 0.99140 0.99024 0.98761 0.98474 0.98559 0.98719
0.98736 0.98452 0.98599 0.98336 0.98163 0.97829 0.97760 0.97905 0.97478 0.97458
0.97425 0.97173 0.97046 0.97329 0.96925 0.97004 0.96863 0.96738 0.96423 0.96513
0.96190 0.95961 0.95842 0.95665 0.95433 0.94948 0.94944 0.94734 0.94416 0.94185
0.94069 0.93998 0.93892 0.94142 0.93838 0.93607 0.93166 0.92947 0.92436 0.92032
0.92116 0.91958 0.92200 0.92325 0.92683 0.93301 0.93369 0.94156 0.92762 0.91405
0.88225 0.85064 0.80682 0.76686 0.73112 0.69878 0.66069 0.61585 0.49106 1.95000 
END
SN3
1.95000 0.58975 0.64444 0.70831 0.76180 0.80979 0.85451 0.89894 0.93880 0.96641
0.98915 1.01231 1.02337 1.01812 1.00722 0.99883 0.99311 0.98819 0.98261 0.98036
0.97807 0.97327 0.97100 0.97068 0.96934 0.96712 0.96633 0.96543 0.96774 0.96638
0.96510 0.96757 0.96654 0.96760 0.96597 0.96666 0.96792 0.96890 0.96934 0.97065
0.97186 0.97234 0.97214 0.97390 0.97403 0.97499 0.97571 0.97667 0.97762 0.97935
0.97640 0.97977 0.98479 0.98689 0.98664 0.98912 0.99031 0.99198 0.99205 0.99294
0.99541 0.99503 0.99587 0.99716 1.00000 0.99913 0.99970 0.99905 1.00083 1.00083
1.00282 1.00271 1.00216 1.00392 1.00561 1.00415 1.00513 1.00588 1.00409 1.00420
1.00312 1.00408 1.00401 1.00471 1.00151 1.00303 1.00171 1.00289 1.00250 1.00032
1.00000
1.00115 1.00250 1.00189 1.00317 1.00286 1.00403 1.00384 1.00397 1.00527 1.00306
1.00298 1.00411 1.00367 1.00056 1.00097 1.00102 1.00136 1.00114 1.00061 0.99978
0.99941 0.99775 0.99740 0.99612 0.99333 0.99292 0.99082 0.98600 0.98795 0.98829
0.98857 0.98616 0.98637 0.98492 0.98179 0.97714 0.97584 0.97678 0.97258 0.96978
0.96870 0.96527 0.96486 0.96488 0.96081 0.96044 0.95847 0.95697 0.95372 0.95427
0.95284 0.95077 0.94976 0.94890 0.94587 0.94653 0.94612 0.94575 0.94428 0.94315
0.94118 0.94211 0.94303 0.94574 0.94522 0.94480 0.94635 0.94722 0.94923 0.95028
0.95091 0.95372 0.95525 0.95870 0.96427 0.97066 0.97890 0.98282 0.97313 0.95504
0.93027 0.90041 0.86563 0.82657 0.78460 0.74577 0.70396 0.64028 0.53754 1.95000 
END
SN4
1.95000 0.60445 0.66692 0.71988 0.77195 0.81765 0.86004 0.89786 0.93428 0.96694
0.99089 1.01276 1.02126 1.01729 1.00675 0.99910 0.99203 0.98538 0.98196 0.97760
0.97550 0.97168 0.96953 0.96920 0.96854 0.96734 0.96597 0.96523 0.96660 0.96669
0.96514 0.96752 0.96801 0.96876 0.96768 0.96848 0.97051 0.97148 0.97210 0.97341
0.97475 0.97632 0.97591 0.97708 0.97771 0.97838 0.97960 0.98002 0.98080 0.98260
0.97982 0.98301 0.98785 0.99023 0.98986 0.99147 0.99310 0.99456 0.99502 0.99514
0.99763 0.99778 0.99828 0.99938 1.00163 1.00091 1.00124 1.00056 1.00220 1.00202
1.00376 1.00356 1.00328 1.00482 1.00601 1.00460 1.00554 1.00582 1.00426 1.00425
1.00314 1.00373 1.00386 1.00437 1.00139 1.00291 1.00187 1.00273 1.00232 1.00015
1.00000
1.00108 1.00229 1.00189 1.00280 1.00299 1.00398 1.00426 1.00434 1.00590 1.00371
1.00387 1.00474 1.00485 1.00209 1.00267 1.00259 1.00332 1.00355 1.00253 1.00217
1.00189 1.00069 1.00103 0.99950 0.99724 0.99679 0.99529 0.99089 0.99301 0.99322
0.99346 0.99128 0.99160 0.99025 0.98750 0.98346 0.98206 0.98323 0.97946 0.97671
0.97574 0.97261 0.97245 0.97245 0.96841 0.96775 0.96657 0.96449 0.96139 0.96187
0.96030 0.95815 0.95708 0.95620 0.95344 0.95330 0.95281 0.95247 0.95046 0.94954
0.94784 0.94822 0.94983 0.95226 0.95247 0.95237 0.95271 0.95412 0.95646 0.95725
0.95927 0.96201 0.96564 0.96930 0.97573 0.98412 0.99198 0.99700 0.98798 0.96718
0.93811 0.90385 0.86650 0.82499 0.77968 0.72733 0.67396 0.60991 0.48932 1.95000 
END
SN5
1.95000 0.68883 0.73922 0.77305 0.81240 0.84746 0.88478 0.91836 0.95000 0.97674
1.00064 1.01976 1.02855 1.02452 1.01384 1.00484 0.99932 0.99291 0.98741 0.98408
0.98016 0.97656 0.97425 0.97407 0.97278 0.97069 0.96974 0.96872 0.97039 0.97018
0.96840 0.97067 0.97059 0.97140 0.97020 0.97081 0.97285 0.97417 0.97472 0.97617
0.97701 0.97828 0.97776 0.97954 0.97994 0.98042 0.98144 0.98148 0.98210 0.98429
0.98179 0.98417 0.98911 0.99084 0.99037 0.99202 0.99356 0.99499 0.99519 0.99558
0.99785 0.99780 0.99815 0.99895 1.00148 1.00069 1.00112 1.00009 1.00190 1.00171
1.00335 1.00330 1.00283 1.00437 1.00543 1.00420 1.00517 1.00538 1.00364 1.00400
1.00284 1.00350 1.00363 1.00385 1.00107 1.00248 1.00163 1.00245 1.00235 1.00013
1.00000
1.00130 1.00226 1.00159 1.00278 1.00260 1.00397 1.00395 1.00416 1.00567 1.00340
1.00347 1.00474 1.00447 1.00199 1.00233 1.00267 1.00330 1.00354 1.00265 1.00251
1.00207 1.00131 1.00134 1.00015 0.99779 0.99752 0.99625 0.99195 0.99403 0.99433
0.99463 0.99263 0.99299 0.99166 0.98920 0.98568 0.98483 0.98581 0.98214 0.97964
0.97875 0.97554 0.97599 0.97589 0.97221 0.97204 0.97076 0.96937 0.96594 0.96664
0.96540 0.96328 0.96223 0.96135 0.95848 0.95884 0.95864 0.95747 0.95635 0.95551
0.95462 0.95524 0.95694 0.95950 0.95984 0.95999 0.96124 0.96303 0.96523 0.96620
0.96970 0.97335 0.97773 0.98208 0.98898 0.99805 1.00700 1.01213 1.00062 0.97919
0.94668 0.90866 0.87095 0.82379 0.77185 0.71588 0.65124 0.58255 0.46310 1.95000 
END
SN6
1.95000 0.70379 0.75762 0.79219 0.83377 0.86586 0.90069 0.93308 0.96648 0.99552
1.01957 1.04092 1.05034 1.04664 1.03540 1.02566 1.01796 1.01070 1.00542 1.00077
0.99775 0.99282 0.99016 0.98846 0.98659 0.98501 0.98284 0.98154 0.98231 0.98088
0.97893 0.98109 0.98042 0.98087 0.97989 0.97959 0.98142 0.98243 0.98263 0.98345
0.98400 0.98469 0.98400 0.98531 0.98550 0.98586 0.98656 0.98644 0.98700 0.98843
0.98545 0.98821 0.99282 0.99454 0.99379 0.99504 0.99627 0.99727 0.99739 0.99752
0.99968 0.99920 0.99951 1.00031 1.00236 1.00154 1.00153 1.00068 1.00207 1.00192
1.00318 1.00279 1.00236 1.00362 1.00463 1.00300 1.00372 1.00399 1.00232 1.00208
1.00085 1.00175 1.00175 1.00223 0.99955 1.00133 1.00065 1.00183 1.00184 1.00013
1.00000
1.00076 1.00167 1.00083 1.00149 1.00109 1.00187 1.00171 1.00178 1.00317 1.00107
1.00127 1.00212 1.00220 0.99961 1.00027 1.00062 1.00126 1.00152 1.00121 1.00093
1.00075 0.99970 1.00007 0.99889 0.99693 0.99651 0.99519 0.99119 0.99348 0.99401
0.99463 0.99249 0.99316 0.99227 0.99001 0.98641 0.98552 0.98694 0.98341 0.98112
0.98047 0.97757 0.97790 0.97817 0.97495 0.97434 0.97327 0.97167 0.96916 0.97006
0.96914 0.96751 0.96653 0.96569 0.96358 0.96413 0.96401 0.96403 0.96273 0.96186
0.96133 0.96267 0.96512 0.96849 0.96895 0.96927 0.97164 0.97383 0.97700 0.97891
0.98204 0.98597 0.99065 0.99607 1.00427 1.01428 1.02413 1.02764 1.01438 0.98966
0.95461 0.91353 0.87172 0.82441 0.77413 0.71391 0.65096 0.57856 0.45438 1.95000 
END
SN7
1.95000 0.59469 0.67506 0.72887 0.78263 0.82889 0.87040 0.90924 0.94746 0.98126
1.00915 1.03407 1.04677 1.04433 1.03361 1.02451 1.01739 1.01060 1.00542 1.00086
0.99835 0.99395 0.99132 0.98995 0.98842 0.98638 0.98509 0.98388 0.98444 0.98324
0.98164 0.98301 0.98276 0.98328 0.98187 0.98200 0.98366 0.98414 0.98463 0.98568
0.98606 0.98676 0.98613 0.98725 0.98722 0.98774 0.98841 0.98874 0.98911 0.99013
0.98797 0.98994 0.99348 0.99512 0.99463 0.99587 0.99699 0.99771 0.99770 0.99773
0.99944 0.99901 0.99930 1.00019 1.00195 1.00118 1.00129 1.00067 1.00173 1.00150
1.00269 1.00229 1.00216 1.00294 1.00370 1.00258 1.00310 1.00337 1.00195 1.00191
1.00089 1.00144 1.00140 1.00161 0.99953 1.00079 1.00062 1.00149 1.00147 1.00024
1.00000
1.00042 1.00095 0.99992 1.00030 0.99977 1.00010 1.00004 0.99986 1.00084 0.99891
0.99912 0.99982 0.99962 0.99753 0.99807 0.99815 0.99867 0.99879 0.99812 0.99796
0.99757 0.99664 0.99700 0.99608 0.99419 0.99387 0.99253 0.98938 0.99110 0.99116
0.99151 0.98970 0.98998 0.98908 0.98684 0.98395 0.98274 0.98369 0.98054 0.97885
0.97813 0.97574 0.97565 0.97539 0.97244 0.97184 0.97072 0.96942 0.96712 0.96782
0.96650 0.96466 0.96401 0.96309 0.96096 0.96138 0.96091 0.96029 0.95914 0.95850
0.95802 0.95878 0.96039 0.96216 0.96249 0.96310 0.96469 0.96625 0.96901 0.96996
0.97229 0.97591 0.97995 0.98430 0.99182 0.99995 1.00873 1.01196 0.99840 0.97609
0.94356 0.90557 0.86866 0.82808 0.78595 0.73515 0.68292 0.61785 0.48420 1.95000 
END
WE1
1.95000 0.57117 0.66779 0.72244 0.76641 0.80916 0.84805 0.88746 0.92303 0.95742
0.98384 1.00224 1.00525 0.99494 0.98584 0.97943 0.97476 0.97091 0.96854 0.96699
0.96585 0.96453 0.96356 0.96342 0.96261 0.96280 0.96236 0.96299 0.96238 0.96201
0.96134 0.96140 0.96052 0.96024 0.95960 0.95919 0.95769 0.95688 0.95597 0.95547
0.95445 0.95431 0.95412 0.95385 0.95342 0.95361 0.95332 0.95354 0.95366 0.95457
0.95539 0.95617 0.95748 0.95908 0.96031 0.96237 0.96346 0.96534 0.96711 0.96912
0.97083 0.97301 0.97479 0.97702 0.97863 0.98023 0.98199 0.98376 0.98554 0.98633
0.98825 0.98921 0.99071 0.99183 0.99285 0.99396 0.99500 0.99590 0.99613 0.99682
0.99740 0.99754 0.99788 0.99840 0.99882 0.99921 0.99947 0.99968 0.99997 0.99959
1.00000
1.00021 1.00033 1.00065 1.00095 1.00051 1.00065 1.00049 0.99988 0.99940 0.99920
0.99852 0.99823 0.99720 0.99632 0.99626 0.99452 0.99378 0.99211 0.99099 0.98957
0.98867 0.98729 0.98514 0.98355 0.98192 0.97983 0.97817 0.97676 0.97391 0.97250
0.96951 0.96833 0.96621 0.96417 0.96175 0.96110 0.95917 0.95759 0.95592 0.95507
0.95355 0.95307 0.95222 0.95196 0.95132 0.95182 0.95136 0.95175 0.95184 0.95198
0.95225 0.95329 0.95307 0.95444 0.95415 0.95533 0.95519 0.95532 0.95516 0.95519
0.95496 0.95515 0.95470 0.95426 0.95341 0.95305 0.95272 0.95275 0.95255 0.95296
0.95281 0.95387 0.95452 0.95696 0.96086 0.96575 0.97226 0.96864 0.95021 0.92502
0.89288 0.85974 0.82286 0.78890 0.75101 0.71176 0.66544 0.61809 0.53207 1.95000 
END
WE2
1.95000 0.66496 0.69160 0.74435 0.79278 0.83518 0.87255 0.90487 0.94543 0.98008
0.99243 0.98626 0.98375 0.97826 0.97225 0.96772 0.96204 0.96232 0.95862 0.95474
0.95549 0.95523 0.95425 0.95824 0.96313 0.96948 0.96634 0.96741 0.96951 0.97177
0.97221 0.97398 0.97438 0.97456 0.97472 0.97640 0.98089 0.98156 0.98267 0.98160
0.98426 0.98428 0.98606 0.98822 0.98629 0.98650 0.98601 0.98523 0.98573 0.98687
0.98620 0.98537 0.98602 0.98430 0.98918 0.98924 0.98941 0.98779 0.99049 0.99018
0.99163 0.99329 0.99367 0.99281 0.99549 0.99589 0.99522 0.99580 0.99691 0.99732
0.99727 0.99810 0.99887 0.99823 0.99994 1.00042 1.00293 1.00103 1.00095 1.00301
1.00071 1.00138 1.00257 1.00268 1.00085 1.00180 1.00069 1.00126 1.00175 1.00037
1.00000
1.00064 1.00164 1.00334 1.00364 1.00388 1.00387 1.00284 1.00240 1.00502 1.00254
1.00362 1.00123 1.00086 1.00063 0.99980 1.00068 0.99590 0.99887 0.99769 0.99669
0.99533 0.99644 0.99432 0.99277 0.99234 0.99142 0.99037 0.98947 0.98861 0.98867
0.98688 0.98599 0.98545 0.98435 0.98645 0.98211 0.98259 0.98250 0.98095 0.98037
0.98022 0.97854 0.97830 0.97995 0.97879 0.97782 0.97704 0.97319 0.97581 0.97443
0.97372 0.96789 0.96906 0.96754 0.96244 0.96079 0.96015 0.95711 0.95642 0.95314
0.95424 0.95048 0.94953 0.94819 0.94537 0.94063 0.93523 0.92895 0.92543 0.92410
0.92829 0.92741 0.92598 0.93555 0.93235 0.93914 0.94145 0.94942 0.93030 0.91179
0.87942 0.83778 0.80651 0.76048 0.71265 0.67952 0.62671 0.60105 0.52759 1.95000 
END
WE3
1.95000 0.58237 0.67237 0.74514 0.79905 0.85052 0.89605 0.94100 0.97515 1.00443
1.01435 1.02048 1.01716 1.01083 0.99981 0.99230 0.98424 0.98153 0.97582 0.97335
0.97017 0.96815 0.96536 0.96341 0.96220 0.96205 0.96073 0.95996 0.95974 0.96138
0.96186 0.96017 0.96082 0.96069 0.96186 0.96119 0.96260 0.96292 0.96324 0.96397
0.96554 0.96571 0.96654 0.96866 0.96910 0.96885 0.97104 0.97211 0.97290 0.97409
0.97530 0.97766 0.97820 0.97884 0.98148 0.98206 0.98416 0.98397 0.98654 0.98701
0.98960 0.99139 0.99191 0.99160 0.99398 0.99496 0.99440 0.99606 0.99619 0.99703
0.99700 0.99813 0.99892 0.99969 1.00035 1.00137 1.00328 1.00067 1.00120 1.00219
1.00203 1.00162 1.00244 1.00264 1.00121 1.00045 1.00019 1.00104 1.00096 1.00022
1.00000
0.99965 1.00078 1.00277 1.00274 1.00238 1.00381 1.00344 1.00288 1.00508 1.00423
1.00412 1.00322 1.00290 1.00216 1.00212 1.00265 1.00011 1.00159 1.00111 0.99961
0.99868 0.99968 0.99726 0.99577 0.99514 0.99446 0.99375 0.99252 0.99006 0.98975
0.98844 0.98676 0.98630 0.98554 0.98542 0.98120 0.97962 0.97883 0.97690 0.97509
0.97409 0.97177 0.97097 0.97072 0.96962 0.96703 0.96569 0.96429 0.96266 0.96242
0.96089 0.95820 0.95942 0.95718 0.95548 0.95392 0.95415 0.95319 0.95397 0.95185
0.95235 0.95029 0.94917 0.95012 0.95017 0.95092 0.95039 0.95056 0.95175 0.95426
0.95586 0.95950 0.96171 0.96571 0.96837 0.97827 0.98692 0.98728 0.97481 0.95276
0.92779 0.89935 0.86384 0.83263 0.79239 0.75781 0.71765 0.67177 0.57162 1.95000 
END
WE4
1.95000 0.55255 0.65874 0.73098 0.78773 0.84586 0.89528 0.93947 0.97917 1.01315
1.02915 1.03466 1.03193 1.02295 1.01111 1.00240 0.99390 0.98862 0.98253 0.97899
0.97526 0.97249 0.96998 0.96730 0.96594 0.96572 0.96453 0.96328 0.96323 0.96445
0.96481 0.96382 0.96448 0.96470 0.96555 0.96537 0.96710 0.96788 0.96811 0.96890
0.97088 0.97125 0.97234 0.97405 0.97457 0.97461 0.97629 0.97747 0.97840 0.97941
0.98015 0.98266 0.98305 0.98324 0.98590 0.98639 0.98803 0.98787 0.99021 0.99058
0.99289 0.99434 0.99480 0.99443 0.99692 0.99754 0.99636 0.99816 0.99825 0.99899
0.99887 0.99961 1.00035 1.00107 1.00135 1.00225 1.00392 1.00163 1.00179 1.00244
1.00206 1.00176 1.00247 1.00262 1.00123 1.00042 0.99986 1.00076 1.00095 0.99976
1.00000
0.99989 1.00087 1.00272 1.00268 1.00285 1.00401 1.00410 1.00345 1.00505 1.00511
1.00476 1.00392 1.00381 1.00331 1.00330 1.00402 1.00179 1.00339 1.00296 1.00163
1.00094 1.00195 0.99975 0.99896 0.99853 0.99795 0.99756 0.99664 0.99431 0.99433
0.99296 0.99156 0.99096 0.99058 0.99072 0.98688 0.98577 0.98486 0.98355 0.98198
0.98112 0.97896 0.97834 0.97777 0.97674 0.97440 0.97318 0.97178 0.97022 0.96998
0.96790 0.96541 0.96656 0.96393 0.96267 0.96077 0.96096 0.96000 0.96017 0.95816
0.95910 0.95686 0.95647 0.95749 0.95752 0.95947 0.95807 0.95924 0.96033 0.96310
0.96512 0.97003 0.97209 0.97852 0.98289 0.99294 1.00165 1.00355 0.99200 0.97304
0.94632 0.91472 0.88390 0.85379 0.82041 0.78603 0.74725 0.70867 0.64446 1.95000 
END
WE5
1.95000 0.57845 0.68624 0.74811 0.79581 0.86141 0.89873 0.94265 0.97659 1.01161
1.02399 1.03380 1.02779 1.02052 1.01118 0.99963 0.99335 0.98981 0.98203 0.97873
0.97575 0.97447 0.96838 0.96683 0.96676 0.96532 0.96432 0.96362 0.96321 0.96414
0.96420 0.96425 0.96477 0.96476 0.96498 0.96544 0.96723 0.96810 0.96817 0.96901
0.97102 0.97172 0.97276 0.97387 0.97488 0.97486 0.97620 0.97773 0.97803 0.97891
0.97984 0.98231 0.98243 0.98288 0.98527 0.98567 0.98726 0.98744 0.98939 0.98994
0.99211 0.99363 0.99381 0.99364 0.99548 0.99664 0.99528 0.99703 0.99712 0.99788
0.99774 0.99873 0.99902 0.99971 1.00024 1.00098 1.00295 1.00056 1.00069 1.00136
1.00136 1.00107 1.00155 1.00183 1.00047 0.99961 0.99923 1.00031 1.00039 0.99953
1.00000
0.99945 1.00056 1.00294 1.00227 1.00220 1.00364 1.00346 1.00267 1.00437 1.00405
1.00424 1.00320 1.00321 1.00270 1.00277 1.00313 1.00110 1.00262 1.00235 1.00115
1.00038 1.00185 0.99943 0.99877 0.99805 0.99792 0.99742 0.99643 0.99435 0.99437
0.99343 0.99175 0.99152 0.99110 0.99156 0.98790 0.98662 0.98647 0.98463 0.98333
0.98265 0.98040 0.98016 0.97962 0.97898 0.97672 0.97574 0.97445 0.97315 0.97270
0.97093 0.96801 0.96870 0.96670 0.96557 0.96390 0.96369 0.96286 0.96299 0.96111
0.96220 0.95982 0.95970 0.96097 0.96121 0.96279 0.96177 0.96220 0.96445 0.96673
0.96896 0.97463 0.97655 0.98269 0.98762 0.99744 1.00714 1.00682 0.99364 0.97543
0.94661 0.91513 0.88136 0.84848 0.81027 0.77336 0.72371 0.68141 0.58536 1.95000 
END
WE6
1.95000 0.63608 0.74617 0.79720 0.83761 0.87859 0.91701 0.95278 0.98617 1.01873
1.03681 1.04723 1.04794 1.03866 1.02701 1.01828 1.00892 1.00347 0.99684 0.99232
0.98814 0.98487 0.98166 0.97860 0.97687 0.97567 0.97369 0.97204 0.97144 0.97220
0.97167 0.97044 0.97072 0.97092 0.97108 0.97087 0.97211 0.97261 0.97263 0.97300
0.97464 0.97494 0.97574 0.97690 0.97753 0.97731 0.97873 0.97968 0.98037 0.98124
0.98190 0.98406 0.98422 0.98435 0.98649 0.98688 0.98813 0.98786 0.99000 0.99015
0.99206 0.99351 0.99368 0.99306 0.99537 0.99598 0.99468 0.99616 0.99609 0.99679
0.99650 0.99737 0.99773 0.99837 0.99871 0.99962 1.00110 0.99871 0.99888 0.99950
0.99913 0.99884 0.99950 0.99982 0.99873 0.99830 0.99829 0.99954 1.00009 0.99959
1.00000
0.99965 1.00050 1.00220 1.00165 1.00152 1.00255 1.00210 1.00135 1.00266 1.00256
1.00241 1.00147 1.00146 1.00099 1.00138 1.00198 0.99976 1.00149 1.00131 1.00033
0.99954 1.00091 0.99900 0.99826 0.99798 0.99761 0.99759 0.99674 0.99488 0.99493
0.99412 0.99301 0.99298 0.99279 0.99327 0.98988 0.98877 0.98857 0.98754 0.98608
0.98557 0.98360 0.98362 0.98340 0.98283 0.98064 0.97978 0.97864 0.97756 0.97766
0.97612 0.97383 0.97504 0.97289 0.97209 0.97084 0.97164 0.97060 0.97116 0.97006
0.97152 0.96986 0.97027 0.97185 0.97278 0.97484 0.97447 0.97607 0.97842 0.98189
0.98468 0.99077 0.99369 1.00093 1.00614 1.01773 1.02819 1.02749 1.01111 0.98895
0.95529 0.91816 0.88084 0.84336 0.79876 0.75069 0.69510 0.63118 0.52486 1.95000 
END
WE7
1.95000 0.68431 0.79914 0.84066 0.87211 0.90513 0.93680 0.96740 0.99688 1.02787
1.04653 1.05817 1.05949 1.04941 1.03651 1.02763 1.01855 1.01205 1.00574 1.00141
0.99685 0.99384 0.99021 0.98682 0.98523 0.98377 0.98156 0.98004 0.97921 0.97961
0.97895 0.97773 0.97769 0.97769 0.97749 0.97719 0.97844 0.97859 0.97847 0.97897
0.98014 0.98037 0.98098 0.98203 0.98228 0.98213 0.98302 0.98389 0.98426 0.98515
0.98551 0.98724 0.98745 0.98763 0.98930 0.98976 0.99077 0.99057 0.99230 0.99244
0.99405 0.99511 0.99531 0.99481 0.99670 0.99707 0.99604 0.99726 0.99710 0.99755
0.99737 0.99797 0.99818 0.99868 0.99889 0.99972 1.00093 0.99890 0.99888 0.99940
0.99909 0.99878 0.99925 0.99942 0.99851 0.99815 0.99838 0.99949 0.99990 0.99965
1.00000
0.99981 1.00031 1.00158 1.00134 1.00111 1.00169 1.00142 1.00077 1.00181 1.00158
1.00121 1.00054 1.00043 1.00008 1.00036 1.00077 0.99892 1.00025 0.99996 0.99907
0.99836 0.99952 0.99780 0.99724 0.99675 0.99640 0.99627 0.99555 0.99388 0.99392
0.99292 0.99219 0.99185 0.99146 0.99175 0.98870 0.98760 0.98721 0.98635 0.98506
0.98421 0.98281 0.98239 0.98229 0.98155 0.97981 0.97891 0.97787 0.97681 0.97679
0.97548 0.97338 0.97422 0.97237 0.97144 0.97037 0.97072 0.97014 0.97040 0.96957
0.97079 0.96951 0.97006 0.97149 0.97197 0.97414 0.97447 0.97543 0.97832 0.98160
0.98440 0.99034 0.99343 1.00087 1.00668 1.01731 1.02887 1.02725 1.00877 0.98356
0.94802 0.90860 0.86677 0.82671 0.78044 0.72977 0.66710 0.60378 0.50865 1.95000 
END
# From Files: MY492.F392.20150604140.WE  and  MY492.F392.20150604143.SN
# SN    Norm Channel:  2 0 0 0 0 0 0
# WE    Norm Channel:  2 0 0 0 0 0 0
# SN    Gains  J:   6 7 7 6 5 4 2
# WE    Gains  J:   6 7 7 6 5 4 2
# SN    1st moment deg:  -0.22 -0.29 -0.25 -0.18 -0.16 -0.22 -0.28
# WE    1st moment deg:  -0.11 -0.25 -0.12 -0.07 -0.04 -0.04 -0.15
# SN    Ref. Ch. St.Dev:  0.602 0.522 0.55
# WE    Ref. Ch. St.Dev:  0.661 0.713 0.651
# SN:   I 1 2 512 7
# WE:   I 1 2 512 7
# SN:   G 2 4  (1deg) 
# WE:   G 2 4  (1deg) 
# SN:   Ref_offset:  -2.5 -3.9  -4.5
# WE:   Ref_offset:  -2.75 -3.75  -3.6
# SN:   temp1:  39.468 39.372  0.04501
# WE:   temp1:  39.833 39.181  0.15791
# SN:   temp2:  39.122 39.062  0.023954
# WE:   temp2:  39.264 37.079  0.65872
# SN:   temp3:  22.396 21.125  1.6924
# WE:   temp3:  21.894 20.274  2.2341
