84916 2012 11 15 20 00 11 ##0017,LG9;1M2g0\0Q0O0C0*d2>##
84917 2012 11 15 20 00 18 ##0017,LF9;1I2f0\0Q0O0C0*bn=##
84918 2012 11 15 20 00 26 ##0017,LB9;1A2e0Z0P0O0B0*Z85##
84919 2012 11 15 20 00 34 ##0017,LD9:1D2e0Y0O0O0B0*6R4##
84920 2012 11 15 20 00 40 ##0017,LG991F2d0[0P0O0B0*4A5##
84921 2012 11 15 20 00 48 ##0017,LE981A2b0Y0O0N0A0*GJ:##
84922 2012 11 15 20 00 54 ##0017,LG981G2c0[0O0O0A0*K_<##
84923 2012 11 15 20 01 02 ##0017,LE981@2c0Y0P0N0A0*gk:##
84924 2012 11 15 20 01 08 ##0017,LG981F2e0Z0P0N0B0*l:3##
84925 2012 11 15 20 01 16 ##0017,LD981?2a0Y0O0N0A0*EG:##
84926 2012 11 15 20 01 22 ##0017,LF971F2c0Z0O0N0B0*bV2##
84927 2012 11 15 20 01 30 ##0017,LD971:2c0X0O0M0A0*]@8##
84928 2012 11 15 20 01 36 ##0017,LE961A2c0Y0N0M0@0*6l?##
84929 2012 11 15 20 01 45 ##0017,LD961=2`0X0N0L0@0*4\=##
84930 2012 11 15 20 01 51 ##0017,LF961@2b0X0N0M0A0*Ya7##
84931 2012 11 15 20 01 59 ##0017,LC961=2a0X0O0L0A0*3>6##
84932 2012 11 15 20 02 07 ##0017,LE951<2`0X0N0N0@0*O[1##
84933 2012 11 15 20 02 13 ##0017,LI961>2c0Y0N0M0A0*_j7##
84934 2012 11 15 20 02 19 ##0017,LH951A2a0Y0N0M0@0*4h?##
84935 2012 11 15 20 02 27 ##0017,LC951<2`0W0N0L0@0*JS=##
84936 2012 11 15 20 02 35 ##0017,LE951<2a0X0N0L0@0*N]=##
84937 2012 11 15 20 02 41 ##0017,LH951B2c0X0N0M0@0*Td?##
84938 2012 11 15 20 02 47 ##0017,LG951C2b0Y0M0M0A0*3K7##
84939 2012 11 15 20 02 56 ##0017,LC95182a0W0M0L0?0*J35##
84940 2012 11 15 20 03 04 ##0017,LD951=2`0X0M0M0@0*l;?##
84941 2012 11 15 20 03 10 ##0017,LG951@2c0Y0N0M0@0*Rk?##
84942 2012 11 15 20 03 16 ##0017,LF961D2c0Z0N0N0@0*Y52##
84943 2012 11 15 20 03 24 ##0017,LB961:2a0X0N0M0@0*P\?##
84944 2012 11 15 20 03 32 ##0017,LD961;2a0Y0N0M0?0*4e7##
84945 2012 11 15 20 03 38 ##0017,LG971B2d0Z0O0N0A0*cV:##
84946 2012 11 15 20 03 46 ##0017,LE971?2b0Y0O0N0@0*?I2##
84947 2012 11 15 20 03 52 ##0017,LG981B2d0Z0P0N0B0*l63##
84948 2012 11 15 20 04 00 ##0017,LE981<2c0Y0N0N0A0*gi9##
84949 2012 11 15 20 04 07 ##0017,LG981C2c0Z0P0O0A0*K5=##
84950 2012 11 15 20 04 15 ##0017,LD991@2d0Y0P0N0A0*mm:##
84951 2012 11 15 20 04 21 ##0017,LG991H2e0[0P0O0C0*4D=##
84952 2012 11 15 20 04 29 ##0017,LD981A2d0Z0O0O0A0*EV<##
84953 2012 11 15 20 04 35 ##0017,LF991D2e0[0N0N0A0*1B:##
84954 2012 11 15 20 04 43 ##0017,LD991>2c0Z0O0M0A0*mR8##
84955 2012 11 15 20 04 49 ##0017,LF991E2e0[0O0N0A0*Qb:##
84956 2012 11 15 20 04 57 ##0017,LD991A2c0Z0O0M0@0*MT0##
84957 2012 11 15 20 05 05 ##0017,LE991=2c0Z0O0O0A0*OR<##
84958 2012 11 15 20 05 11 ##0017,LI991G2e0Z0O0O0B0*X[4##
84959 2012 11 15 20 05 17 ##0017,LH981F2e0Z0P0N0B0*n:3##
84960 2012 11 15 20 05 25 ##0017,LD981@2a0X0P0N0B0*f_2##
84961 2012 11 15 20 05 34 ##0017,LE971;2a0X0O0N0@0*?=2##
84962 2012 11 15 20 05 40 ##0017,LH971A2d0Z0O0N0B0*FV2##
84963 2012 11 15 20 05 46 ##0017,LG961C2c0Z0N0M0B0*<50##
84964 2012 11 15 20 05 54 ##0017,LC961<2a0X0N0M0@0*R]?##
84965 2012 11 15 20 06 02 ##0017,LD961;2b0X0N0L0@0*4_=##
84966 2012 11 15 20 06 08 ##0017,LH951<2c0Y0N0M0B0*Ui?##
84967 2012 11 15 20 06 14 ##0017,LF941<2`0X0M0M0A0*I;7##
84968 2012 11 15 20 06 22 ##0017,LB94182`0W0M0L0@0*@1=##
84969 2012 11 15 20 06 30 ##0017,LD93182_0W0M0L0@0*<o<##
84970 2012 11 15 20 06 36 ##0017,LG931<2_0W0M0M0@0*B1?##
84971 2012 11 15 20 06 45 ##0017,LE91112^0U0L0K0?0*N92##
84972 2012 11 15 20 06 51 ##0017,LG921:2^0W0L0L0A0*;N4##
84973 2012 11 15 20 06 59 ##0017,LE90122^0T0L0K0@0*f1:##
84974 2012 11 15 20 07 05 ##0017,LG91152`0U0L0K0@0*R?:##
84975 2012 11 15 20 07 13 ##0017,LD90102\0U0L0J0?0*d40##
84976 2012 11 15 20 07 19 ##0017,LG9o022^0U0J0K0?0*RA1##
84977 2012 11 15 20 07 27 ##0017,LD9o0o1\0S0K0I0?0*kj=##
84978 2012 11 15 20 07 33 ##0017,LF9n062]0T0K0K0>0*GY9##
84979 2012 11 15 20 07 41 ##0017,LD9n0n1\0T0K0J0?0*D20##
84980 2012 11 15 20 07 49 ##0017,LF9n0j1Z0S0J0I0>0*GD5##
84981 2012 11 15 20 07 55 ##0017,LI9n042^0T0K0J0@0*NZ7##
84982 2012 11 15 20 08 02 ##0017,LH9n042^0U0L0J0@0*LB8##
84983 2012 11 15 20 08 10 ##0017,LD9m0n1[0R0K0J0>0*;`7##
84984 2012 11 15 20 08 18 ##0017,LE9n0m1\0S0K0J0?0*ei?##
84985 2012 11 15 20 08 24 ##0017,LH9n042]0T0K0I0?0*KX=##
84986 2012 11 15 20 08 30 ##0017,LG9m002\0T0K0J0?0*AT?##
84987 2012 11 15 20 08 38 ##0017,LC9n0j1Z0R0J0J0?0*A<?##
84988 2012 11 15 20 08 46 ##0017,LD9n0n1Z0S0J0I0?0*CF=##
84989 2012 11 15 20 08 52 ##0017,LH9n052^0T0K0I0@0*lZ5##
84990 2012 11 15 20 08 58 ##0017,LG9n012^0U0K0J0@0*j`7##
84991 2012 11 15 20 09 06 ##0017,LB9n0j1\0S0J0I0>0*?H5##
84992 2012 11 15 20 09 14 ##0017,LD9n0k1\0S0J0I0?0*cH=##
84993 2012 11 15 20 09 21 ##0017,LG9n052^0T0K0J0?0*iZ?##
84994 2012 11 15 20 09 29 ##0017,LE9n0k1]0T0K0I0?0*e2>##
84995 2012 11 15 20 09 35 ##0017,LG9o052^0U0K0J0@0*2c7##
84996 2012 11 15 20 09 43 ##0017,LE90102]0T0K0J0?0*eN?##
84997 2012 11 15 20 09 49 ##0017,LG9n062\0T0J0I0@0*J75##
84998 2012 11 15 20 09 57 ##0017,LD9o002[0S0J0J0>0*Kj6##
84999 2012 11 15 20 10 03 ##0017,LF90132]0U0L0K0A0*I82##
85000 2012 11 15 20 10 11 ##0017,LD9o012]0T0K0J0@0*lV7##
85001 2012 11 15 20 10 17 ##0017,LF90142]0V0K0K0?0*h`1##
85002 2012 11 15 20 10 25 ##0017,LD901n1]0T0K0J0@0*dl7##
85003 2012 11 15 20 10 34 ##0017,LE90122^0U0L0J0@0*f98##
85004 2012 11 15 20 10 40 ##0017,LI91192]0V0L0L0A0*WC4##
85005 2012 11 15 20 10 46 ##0017,LH90192]0U0L0K0@0*L;:##
85006 2012 11 15 20 10 54 ##0017,LC91142]0U0L0K0@0*j8:##
85007 2012 11 15 20 11 02 ##0017,LE91142]0U0L0K0@0*n8:##
85008 2012 11 15 20 11 08 ##0017,LH911;2^0W0L0K0A0*UN2##
85009 2012 11 15 20 11 14 ##0017,LG911;2_0V0L0K0A0*SH2##
85010 2012 11 15 20 11 22 ##0017,LC92152]0V0K0K0A0*Sa1##
85011 2012 11 15 20 11 30 ##0017,LD92122^0U0L0K0@0*4::##
85012 2012 11 15 20 11 36 ##0017,LG92192_0W0L0K0@0*ZO:##
85013 2012 11 15 20 11 42 ##0017,LF931:2`0W0M0L0A0*A25##
85014 2012 11 15 20 11 51 ##0017,LB92132_0U0L0K0@0*P<:##
85015 2012 11 15 20 11 59 ##0017,LC93172`0V0M0K0A0*[h2##
85016 2012 11 15 20 12 05 ##0017,LG941>2`0W0M0L0A0*K45##
85017 2012 11 15 20 12 13 ##0017,LD94172a0W0M0L0B0*e2=##
85018 2012 11 15 20 12 19 ##0017,LG931@2a0X0L0L0A0*C_4##
85019 2012 11 15 20 12 27 ##0017,LD951:2_0W0N0M0A0*MP7##
85020 2012 11 15 20 12 33 ##0017,LF951@2a0W0M0L0B0*Q7=##
85021 2012 11 15 20 12 41 ##0017,LD951;2`0W0N0M0A0*mR7##
85022 2012 11 15 20 12 47 ##0017,LF941>2a0W0M0M0A0*I67##
85023 2012 11 15 20 12 55 ##0017,LD95182`0W0M0L0@0*L1=##
85024 2012 11 15 20 13 03 ##0017,LE961<2a0W0M0L0@0*V5=##
85025 2012 11 15 20 13 10 ##0017,LI961B2a0X0M0M0A0*_@7##
85026 2012 11 15 20 13 16 ##0017,LH961C2b0X0O0L0C0*>C6##
85027 2012 11 15 20 13 24 ##0017,LC96192`0X0M0M0A0*3:7##
85028 2012 11 15 20 13 32 ##0017,LE961;2b0X0N0N0B0*8_1##
85029 2012 11 15 20 13 38 ##0017,LH971D2c0Z0O0N0B0*fU2##
85030 2012 11 15 20 13 44 ##0017,LG971B2c0Y0O0M0B0*dL0##
85031 2012 11 15 20 13 52 ##0017,LC971?2a0X0N0N0@0*;_1##
85032 2012 11 15 20 14 00 ##0017,LD971@2c0Y0O0M0B0*^K0##
85033 2012 11 15 20 14 06 ##0017,LG981H2d0Z0O0N0B0*lY2##
85034 2012 11 15 20 14 12 ##0017,LF991E2e0Z0O0N0C0*RZ:##
85035 2012 11 15 20 14 21 ##0017,LB991A2d0Y0O0N0B0*JN2##
85036 2012 11 15 20 14 29 ##0017,LC991@2d0Z0O0O0A0*kU<##
85037 2012 11 15 20 14 35 ##0017,LG9:1L2f0[0Q0O0C0*<h=##
85038 2012 11 15 20 14 43 ##0017,LE9;1F2d0[0P0O0C0*@A=##
85039 2012 11 15 20 14 49 ##0017,LG9;1J2e0\0P0O0C0*DM=##
85040 2012 11 15 20 14 57 ##0017,LD9<1I2d0[0Q0O0C0*fb=##
85041 2012 11 15 20 15 03 ##0017,LF9=1Q2g0]0R0P0D0*3]8##
85042 2012 11 15 20 15 11 ##0017,LD9>1J2g0\0Q0P0D0*W16##
85043 2012 11 15 20 15 17 ##0017,LF9?1U2h0^0Q0Q0D0*CI:##
85044 2012 11 15 20 15 25 ##0017,LC9@1M2h0]0R0P0E0*F]0##
85045 2012 11 15 20 15 33 ##0017,LE9A1S2i0^0R0R0C0*Qj4##
85046 2012 11 15 20 15 39 ##0017,LH9C1\2k0`0T0S0G0*IC8##
85047 2012 11 15 20 15 46 ##0017,LG9D1Z2l0`0U0R0F0*Nd>##
85048 2012 11 15 20 15 54 ##0017,LC9F1Z2m0a0U0S0G0*Wn8##
85049 2012 11 15 20 16 02 ##0017,LD9G1Z2m0a0U0T0F0*an2##
85050 2012 11 15 20 16 08 ##0017,LH9I1f2o0c0V0U0H0*:i5##
85051 2012 11 15 20 16 14 ##0017,LF9J1h211c0W0V0G0*=R>##
85052 2012 11 15 20 16 22 ##0017,LB9L1f211c0X0U0H0*F15##
85053 2012 11 15 20 16 30 ##0017,LD9N1i221e0Y0V0I0*:e?##
85054 2012 11 15 20 16 36 ##0017,LG9P1n241g0Z0W0J0*1\:##
85055 2012 11 15 20 16 44 ##0017,LE9Q1l241f0Y0W0J0*53:##
85056 2012 11 15 20 16 50 ##0017,LG9S18371h0[0X0K0*J05##
85057 2012 11 15 20 16 59 ##0017,LD9T14341i0Z0Y0K0*LP6##
85058 2012 11 15 20 17 05 ##0017,LF9V19381j0\0Z0L0*Ac1##
85059 2012 11 15 20 17 13 ##0017,LD9W1:381k0\0Z0M0*ek9##
85060 2012 11 15 20 17 21 ##0017,LF9Y1>391l0\0[0M0*98<##
85061 2012 11 15 20 17 27 ##0017,LI9[1E3;1m0]0\0N0*0h6##
85062 2012 11 15 20 17 33 ##0017,LH9\1D3;1m0^0\0O0*VG?##
85063 2012 11 15 20 17 41 ##0017,LC9^1C3<1n0_0\0O0*<18##
85064 2012 11 15 20 17 49 ##0017,LE9_1C3;1n0_0]0N0*Ho9##
85065 2012 11 15 20 17 55 ##0017,LH9a1N3?101`0]0Q0*?=;##
85066 2012 11 15 20 18 01 ##0017,LG9`1O3>101`0^0Q0*U;=##
85067 2012 11 15 20 18 09 ##0017,LB9b1G3>101a0]0P0*[W3##
85068 2012 11 15 20 18 18 ##0017,LD9b1K3?101a0^0P0*_[5##
85069 2012 11 15 20 18 24 ##0017,LG9c1S3A111a0_0R0*nk7##
85070 2012 11 15 20 18 32 ##0017,LE9c1L3>111`0^0Q0*IB=##
85071 2012 11 15 20 18 38 ##0017,LG9d1P3@111b0_0R0*VH8##
85072 2012 11 15 20 18 46 ##0017,LD9c1M3@111a0^0Q0*gf=##
85073 2012 11 15 20 18 52 ##0017,LF9d1T3A121b0^0S0*TT>##
85074 2012 11 15 20 19 00 ##0017,LD9c1J3@101a0_0Q0*G]?##
85075 2012 11 15 20 19 06 ##0017,LE9d1T3B121b0_0R0*RV8##
85076 2012 11 15 20 19 14 ##0017,LC9c1N3@101a0^0Q0*E_=##
85077 2012 11 15 20 19 22 ##0017,LE9c1L3?101`0]0Q0*I<;##
85078 2012 11 15 20 19 28 ##0017,LH9c1R3@111`0^0R0*PI5##
85079 2012 11 15 20 19 35 ##0017,LG9b1Q3?111`0_0R0*fF7##
85080 2012 11 15 20 19 43 ##0017,LC9a1I3?1o0`0^0R0*Vb<##
85081 2012 11 15 20 19 51 ##0017,LD9a1I3=1o0`0^0P0*W^<##
85082 2012 11 15 20 19 57 ##0017,LG9`1K3>101_0^0Q0*UY<##
85083 2012 11 15 20 20 03 ##0017,LE9_1N3>1o0^0]0Q0*jb1##
85084 2012 11 15 20 20 11 ##0017,LB9^1F3;1m0_0\0P0*[h7##
85085 2012 11 15 20 20 19 ##0017,LC9^1@3;1m0^0\0P0*]E7##
85086 2012 11 15 20 20 25 ##0017,LF9]1I3=1m0_0\0Q0*;n?##
85087 2012 11 15 20 20 33 ##0017,LD9\1B3;1m0]0[0O0*Nf<##
85088 2012 11 15 20 20 39 ##0017,LF9]1F3<1n0_0\0P0*[28##
85089 2012 11 15 20 20 48 ##0017,LD9\1B3:1l0]0\0O0*N\>##
85090 2012 11 15 20 20 56 ##0017,LE9[1>391l0\0Z0N0*H82##
85091 2012 11 15 20 21 02 ##0017,LI9[1C3;1l0^0\0Q0*1??##
85092 2012 11 15 20 21 08 ##0017,LG9[1H3;1m0]0\0P0*Mi6##
85093 2012 11 15 20 21 16 ##0017,LC9[1@3:1k0]0[0O0*DS<##
85094 2012 11 15 20 21 24 ##0017,LD9Z1?391k0\0Z0O0*^0:##
85095 2012 11 15 20 21 30 ##0017,LH9\1D3<1m0^0[0Q0*WI=##
85096 2012 11 15 20 21 36 ##0017,LF9[1E3;1m0]0\0Q0*kg>##
85097 2012 11 15 20 21 44 ##0017,LB9\1>391l0^0[0P0*K85##
85098 2012 11 15 20 21 52 ##0017,LC9\1C3;1l0^0\0Q0*m>?##
85099 2012 11 15 20 21 58 ##0017,LG9\1H3=1m0^0\0R0*VM7##
85100 2012 11 15 20 22 07 ##0017,LD9\1C3;1l0]0[0P0*o^4##
85101 2012 11 15 20 22 13 ##0017,LG9]1K3;1m0]0\0Q0*=k>##
85102 2012 11 15 20 22 21 ##0017,LD9]1B3;1m0]0\0Q0*Wf>##
85103 2012 11 15 20 22 27 ##0017,LF9^1M3>1n0_0]0Q0*D:2##
85104 2012 11 15 20 22 35 ##0017,LD9^1D3;1n0^0]0P0*_O9##
85105 2012 11 15 20 22 43 ##0017,LE9_1E3=1m0^0\0R0*JL7##
85106 2012 11 15 20 22 49 ##0017,LI9`1P3?1o0_0]0Q0*:F2##
85107 2012 11 15 20 22 55 ##0017,LG9`1P3?101`0]0R0*6>3##
85108 2012 11 15 20 23 03 ##0017,LC9a1K3>1n0_0^0S0*W94##
85109 2012 11 15 20 23 11 ##0017,LD9b1L3>1o0_0]0R0*@B:##
85110 2012 11 15 20 23 17 ##0017,LH9c1R3@101a0^0T0*Qa5##
85111 2012 11 15 20 23 24 ##0017,LF9c1R3?101`0_0S0*L??##
85112 2012 11 15 20 23 32 ##0017,LB9c1P3?101`0^0S0*D>=##
85113 2012 11 15 20 23 40 ##0017,LC9c1L3?1o0`0^0R0*Fd<##
85114 2012 11 15 20 23 46 ##0017,LF9c1V3?111`0_0S0*LI?##
85115 2012 11 15 20 23 54 ##0017,LD9d1M3?101a0_0S0*0]?##
85116 2012 11 15 20 24 00 ##0017,LG9d1V3A101a0_0U0*We?##
85117 2012 11 15 20 24 08 ##0017,LD9d1Q3?111a0_0T0*1g7##
85118 2012 11 15 20 24 14 ##0017,LF9e1T3B121b0_0T0*]V8##
85119 2012 11 15 20 24 22 ##0017,LC9d1Q3@101`0_0T0*o@7##
85120 2012 11 15 20 24 30 ##0017,LE9e1N3@101a0_0T0*[_7##
85121 2012 11 15 20 24 37 ##0017,LI9d1W3A111`0`0T0*;N9##
85122 2012 11 15 20 24 43 ##0017,LG9d1X3A121a0_0T0*W68##
85123 2012 11 15 20 24 51 ##0017,LC9e1M3@101a0_0S0*6_?##
85124 2012 11 15 20 24 59 ##0017,LD9e1M3?101a0_0S0*8]?##
85125 2012 11 15 20 25 05 ##0017,LG9e1X3B121a0`0U0*`82##
85126 2012 11 15 20 25 11 ##0017,LF9e1X3B111a0_0T0*]08##
85127 2012 11 15 20 25 19 ##0017,LB9d1M3@111a0_0T0*mf7##
85128 2012 11 15 20 25 27 ##0017,LC9e1N3A101a0`0T0*Wa9##
85129 2012 11 15 20 25 33 ##0017,LF9f1X3@121b0`0T0*eT:##
85130 2012 11 15 20 25 41 ##0017,LD9e1S3@121`0_0S0*8R?##
85131 2012 11 15 20 25 47 ##0017,LF9f1Z3C121b0`0U0*f[2##
85132 2012 11 15 20 25 55 ##0017,LD9g1S3A121b0`0U0*JT2##
85133 2012 11 15 20 26 04 ##0017,LE9g1T3A111b0`0U0*lL2##
85134 2012 11 15 20 26 10 ##0017,LI9g1[3B141b0a0V0*Tj<##
85135 2012 11 15 20 26 16 ##0017,LH9h1Y3C131c0`0V0*ZC;##
85136 2012 11 15 20 26 24 ##0017,LC9i1U3B131c0a0V0*X?=##
85137 2012 11 15 20 26 32 ##0017,LD9j1V3C141c0b0V0*BJ?##
85138 2012 11 15 20 26 38 ##0017,LH9l1b3E161d0a0W0*[D6##
85139 2012 11 15 20 26 44 ##0017,LF9m1d3E151d0c0X0*`=2##
85140 2012 11 15 20 26 52 ##0017,LB9n1]3E161e0b0X0*@b0##
85141 2012 11 15 20 27 00 ##0017,LC902b3F171e0c0X0*Bg2##
85142 2012 11 15 20 27 06 ##0017,LG912g3H181f0e0Z0*3V7##
85143 2012 11 15 20 27 15 ##0017,LD922d3H181f0d0Y0*TT=##
85144 2012 11 15 20 27 21 ##0017,LG95204K1:1h0f0[0*4R2##
85145 2012 11 15 20 27 29 ##0017,LD962l3K1:1h0f0Y0*5o2##
85146 2012 11 15 20 27 35 ##0017,LF98264M1;1i0f0\0*JA;##
85147 2012 11 15 20 27 43 ##0017,LC9:234N1=1j0g0]0*526##
85148 2012 11 15 20 27 51 ##0017,LE9<264N1<1k0h0]0*iK8##
85149 2012 11 15 20 27 57 ##0017,LH9>2?4Q1?1l0i0_0*`N;##
85150 2012 11 15 20 28 03 ##0017,LG9?2B4Q1?1l0j0_0*FP=##
85151 2012 11 15 20 28 11 ##0017,LC9B2;4S1@1m0j0^0*696##
85152 2012 11 15 20 28 19 ##0017,LD9D2B4U1A1n0k0`0*ih8##
85153 2012 11 15 20 28 25 ##0017,LG9F2I4V1C101m0b0*^>?##
85154 2012 11 15 20 28 32 ##0017,LF9G2L4W1D101l0b0*DJ=##
85155 2012 11 15 20 28 40 ##0017,LB9J2J4X1E111n0b0*U32##
85156 2012 11 15 20 28 48 ##0017,LC9K2Q4Y1F101n0c0*?a9##
85157 2012 11 15 20 28 54 ##0017,LG9N2Z4\1H11101d0*8\:##
85158 2012 11 15 20 29 02 ##0017,LD9P2X4\1H13101d0*B[;##
85159 2012 11 15 20 29 08 ##0017,LF9R2a4_1J14111g0*8V6##
85160 2012 11 15 20 29 16 ##0017,LD9U2_4_1K15131g0*L=;##
85161 2012 11 15 20 29 22 ##0017,LF9W2h4a1L16121h0*An1##
85162 2012 11 15 20 29 30 ##0017,LD9Y2e4`1L16131h0*mj3##
85163 2012 11 15 20 29 38 ##0017,LE9[2f4b1N17151i0*`_0##
85164 2012 11 15 20 29 45 ##0017,LI9\215e1O18151k0*Q41##
85165 2012 11 15 20 29 51 ##0017,LG9^235f1P18161l0*]?;##
85166 2012 11 15 20 29 59 ##0017,LC9_2o4e1Q19161k0*]B4##
85167 2012 11 15 20 30 07 ##0017,LD9`215f1P1:171k0*g>6##
85168 2012 11 15 20 30 13 ##0017,LH9`255g1Q19161l0*oj;##
85169 2012 11 15 20 30 19 ##0017,LF9a265g1R1:171n0*TS>##
85170 2012 11 15 20 30 27 ##0017,LB9b245f1Q1;171m0*Th6##
85171 2012 11 15 20 30 35 ##0017,LC9a215g1Q19161l0*mh;##
85172 2012 11 15 20 30 41 ##0017,LG9a2;5h1R1:171m0*6X6##
85173 2012 11 15 20 30 49 ##0017,LE9a205f1P19171l0*Q^=##
85174 2012 11 15 20 30 55 ##0017,LG9`265g1Q1:161n0*NK<##
85175 2012 11 15 20 31 04 ##0017,LD9a2n4e1Q1:161m0*Pb4##
85176 2012 11 15 20 31 10 ##0017,LF9_285g1P19161l0*Cd;##
85177 2012 11 15 20 31 18 ##0017,LD9_2m4d1O19161k0*_o3##
85178 2012 11 15 20 31 24 ##0017,LF9^255f1Q19161m0*\h3##
85179 2012 11 15 20 31 32 ##0017,LD9]2j4d1O19151k0*om1##
85180 2012 11 15 20 31 40 ##0017,LE9[2l4c1M17141j0*`\6##
85181 2012 11 15 20 31 46 ##0017,LH9\2o4c1O18141k0*NN?##
85182 2012 11 15 20 31 52 ##0017,LG9[2n4d1O18151k0*eO1##
85183 2012 11 15 20 32 00 ##0017,LC9[2e4a1M17141k0*<U>##
85184 2012 11 15 20 32 08 ##0017,LE9Z2h4a1L17141j0*XN6##
85185 2012 11 15 20 32 14 ##0017,LH9Y2j4c1M16141i0*U;>##
85186 2012 11 15 20 32 21 ##0017,LG9Y2m4a1M17131j0*4Y4##
85187 2012 11 15 20 32 29 ##0017,LB9X2d4`1L16131i0*Aj;##
85188 2012 11 15 20 32 37 ##0017,LD9Y2h4b1L16141j0*N06##
85189 2012 11 15 20 32 43 ##0017,LG9Y2j4c1N17141k0*Tc>##
85190 2012 11 15 20 32 51 ##0017,LE9X2h4a1M16141h0*G66##
85191 2012 11 15 20 32 57 ##0017,LG9Z2o4c1N17131k0*<f<##
85192 2012 11 15 20 33 05 ##0017,LE9Y2i4b1M16141j0*096##
85193 2012 11 15 20 33 11 ##0017,LG9[215c1N18151l0*Eh8##
85194 2012 11 15 20 33 19 ##0017,LD9[2k4b1M18141k0*>:?##
85195 2012 11 15 20 33 25 ##0017,LF9\205e1O18141m0*k3?##
85196 2012 11 15 20 33 33 ##0017,LD9]2k4d1O19151l0*On9##
85197 2012 11 15 20 33 42 ##0017,LF9^215e1O19161l0*[T;##
85198 2012 11 15 20 33 48 ##0017,LI9_285g1P19161m0*Jd3##
85199 2012 11 15 20 33 54 ##0017,LH9`295f1P19161n0*0c;##
85200 2012 11 15 20 34 02 ##0017,LD9`225f1P19161l0*G_;##
85201 2012 11 15 20 34 10 ##0017,LE9b255h1Q1;161n0*:m<##
85202 2012 11 15 20 34 16 ##0017,LH9d2@5i1S1;18101*SD1##
85203 2012 11 15 20 34 22 ##0017,LG9e2>5k1T1;19101*YO3##
85204 2012 11 15 20 34 30 ##0017,LC9f2:5j1S1;181o0*7D9##
85205 2012 11 15 20 34 38 ##0017,LD9i2A5k1T1=1:121*TQ6##
85206 2012 11 15 20 34 44 ##0017,LH9j2J5n1V1=1:121*Dl6##
85207 2012 11 15 20 34 51 ##0017,LF9l2L5n1V1?1:141*Qm7##
85208 2012 11 15 20 34 59 ##0017,LB9m2H5n1W1>1;131*QS1##
85209 2012 11 15 20 35 07 ##0017,LD9o2J5m1Y1?1<131*eB4##
85210 2012 11 15 20 35 13 ##0017,LG913T512Z1@1=161*L4=##
85211 2012 11 15 20 35 21 ##0017,LE923P502Z1@1=151*P05##
85212 2012 11 15 20 35 27 ##0017,LG953V552\1B1>181*nM0##
85213 2012 11 15 20 35 35 ##0017,LE973S542\1C1?171*Yj:##
85214 2012 11 15 20 35 41 ##0017,LG993`572^1D1@191*Ng=##
85215 2012 11 15 20 35 49 ##0017,LD9:3\552^1D1A181*Pa7##
85216 2012 11 15 20 35 55 ##0017,LG9;3e582_1D1A191*?40##
85217 2012 11 15 20 36 03 ##0017,LD9>3a572`1E1B191*QX2##
85218 2012 11 15 20 36 09 ##0017,LF9?3l5;2b1F1B1;1*>V3##
85219 2012 11 15 20 36 18 ##0017,LD9C3f5<2b1G1D1<1*[50##
85220 2012 11 15 20 36 26 ##0017,LE9H316>2f1I1F1>1*f@5##
85221 2012 11 15 20 36 32 ##0017,LI9O3?6E2j1L1I1B1*hV=##
85222 2012 11 15 20 36 38 ##0017,LH9W3J6I2o1P1L1D1*HM6##
85223 2012 11 15 20 36 46 ##0017,LD9^3N6L222R1N1F1*9>4##
85224 2012 11 15 20 36 54 ##0017,LE9`3T6O232T1O1G1*KO?##
85225 2012 11 15 20 37 00 ##0017,LH9c3Y6R252V1P1J1*Kh:##
85226 2012 11 15 20 37 06 ##0017,LG9`3V6N242T1O1G1*OV?##
85227 2012 11 15 20 37 14 ##0017,LC9c3W6P242V1P1I1*A[2##
85228 2012 11 15 20 37 22 ##0017,LD9W3F6G2m1P1L1D1*@76##
85229 2012 11 15 20 37 29 ##0017,LH9T3I6H2m1O1K1C1*OZ;##
85230 2012 11 15 20 37 35 ##0017,LG9X3L6K202P1L1E1*Nj6##
85231 2012 11 15 20 37 43 ##0017,LB9\3K6L202R1N1F1*El3##
85232 2012 11 15 20 37 51 ##0017,LD9]3L6M202R1N1F1*1o3##
85233 2012 11 15 20 37 57 ##0017,LG9X3M6K2o1P1L1D1*nR6##
85234 2012 11 15 20 38 03 ##0017,LF9W3M6J2o1P1L1E1*dP>##
85235 2012 11 15 20 38 11 ##0017,LB9Y3L6K2o1P1M1C1*LR0##
85236 2012 11 15 20 38 19 ##0017,LD9Z3I6K202Q1L1E1*8I7##
85237 2012 11 15 20 38 25 ##0017,LG9\3W6M222R1N1F1*OD4##
85238 2012 11 15 20 38 31 ##0017,LF9^3Z6N232S1O1F1*=07##
85239 2012 11 15 20 38 40 ##0017,LB9U3F6H2l1O1K1B1*kP3##
85240 2012 11 15 20 38 48 ##0017,LC9T3C6H2m1O1J1B1*EW1##
85241 2012 11 15 20 38 54 ##0017,LG9W3Q6K2n1Q1L1D1*fl6##
85242 2012 11 15 20 39 02 ##0017,LE9[3P6L202R1M1E1*bn9##
85243 2012 11 15 20 39 08 ##0017,LH9W3S6K202O1L1C1*gM6##
85244 2012 11 15 20 39 14 ##0017,LF9Q3I6H2l1M1J1A1*2R8##
85245 2012 11 15 20 39 22 ##0017,LB9Q3A6E2k1N1J1@1*j_0##
85246 2012 11 15 20 39 30 ##0017,LC9T3F6I2m1O1J1B1*eZ1##
85247 2012 11 15 20 39 36 ##0017,LG9W3T6L202P1L1D1*E0?##
85248 2012 11 15 20 39 44 ##0017,LE9X3O6I2n1Q1L1C1*ig>##
85249 2012 11 15 20 39 50 ##0017,LG9U3O6I2m1O1K1C1*U_;##
85250 2012 11 15 20 39 56 ##0017,LF9S3J6H2m1N1J1A1*b:9##
85251 2012 11 15 20 40 05 ##0017,LB9S3G6H2k1N1I1A1*:i6##
85252 2012 11 15 20 40 13 ##0017,LD9S3G6G2k1N1I1B1*>g>##
85253 2012 11 15 20 40 19 ##0017,LG9T3O6H2m1O1J1C1*M]9##
85254 2012 11 15 20 40 25 ##0017,LF9U3O6J2m1P1J1D1*TA2##
85255 2012 11 15 20 40 33 ##0017,LB9V3L6H2m1O1K1C1*3\;##
85256 2012 11 15 20 40 41 ##0017,LD9W3M6J2m1P1L1D1*`@6##
85257 2012 11 15 20 40 47 ##0017,LG9X3U6L2o1Q1L1E1*n8?##
85258 2012 11 15 20 40 53 ##0017,LF9Z3S6M202R1L1F1*=20##
85259 2012 11 15 20 41 01 ##0017,LB9[3O6L202Q1M1E1*<N9##
85260 2012 11 15 20 41 09 ##0017,LD9[3P6L202Q1M1F1*aN1##
85261 2012 11 15 20 41 16 ##0017,LH9[3[6L222R1M1F1*ID2##
85262 2012 11 15 20 41 22 ##0017,LG9\3\6M222Q1N1G1*of;##
85263 2012 11 15 20 41 30 ##0017,LC9\3Q6K2o1R1N1G1*HU3##
85264 2012 11 15 20 41 38 ##0017,LD9]3V6M212R1N1G1*1<<##
85265 2012 11 15 20 41 44 ##0017,LH9\3\6N212R1M1G1*1A:##
85266 2012 11 15 20 41 50 ##0017,LG9[3[6M212Q1N1F1*G^3##
85267 2012 11 15 20 41 58 ##0017,LC9Z3R6K2o1P1L1E1*VU>##
85268 2012 11 15 20 42 06 ##0017,LE9Y3M6J2n1P1L1F1*3I6##
85269 2012 11 15 20 42 12 ##0017,LH9X3R6K2o1O1L1F1*Q56##
85270 2012 11 15 20 42 18 ##0017,LG9W3R6J2n1P1K1F1*GK4##
85271 2012 11 15 20 42 26 ##0017,LC9T3F6F2l1N1J1D1*fl0##
85272 2012 11 15 20 42 35 ##0017,LE9R3B6E2j1N1H1D1*YX<##
85273 2012 11 15 20 42 41 ##0017,LH9P3H6E2j1M1I1C1*O;6##
85274 2012 11 15 20 42 47 ##0017,LH9N3D6D2i1L1G1B1*>O9##
85275 2012 11 15 20 42 55 ##0017,LD9K3:6@2f1K1F1@1*]I6##
85276 2012 11 15 20 43 03 ##0017,LE9H376@2f1I1F1?1*fG=##
85277 2012 11 15 20 43 09 ##0017,LI9F366@2f1J1D1?1*>g9##
85278 2012 11 15 20 43 15 ##0017,LH9F396@2d1H1D1>1*\X0##
85279 2012 11 15 20 43 23 ##0017,LD9C3o5<2c1G1D1=1*;B8##
85280 2012 11 15 20 43 29 ##0017,LF9C336>2c1G1C1>1*?i=##
85281 2012 11 15 20 43 37 ##0017,LD9@3h5:2`1F1B1<1*BB;##
85282 2012 11 15 20 43 43 ##0017,LG9=3g5:2`1D1B1;1*PA2##
85283 2012 11 15 20 43 52 ##0017,LD9:3\562^1C1@191*PC=##
85284 2012 11 15 20 43 58 ##0017,LG983a562^1C1?191*fE;##
85285 2012 11 15 20 44 06 ##0017,LE953T532[1B1=181*i@>##
85286 2012 11 15 20 44 12 ##0017,LG933Z542[1A1=181*]e=##
85287 2012 11 15 20 44 20 ##0017,LE903M5o1Y1@1=151*``6##
85288 2012 11 15 20 44 26 ##0017,LG9o2U512Y1?1<161*LT:##
85289 2012 11 15 20 44 32 ##0017,LF9n2O502X1?1<151*BG2##
85290 2012 11 15 20 44 40 ##0017,LB9n2K5o1W1>1;141*9W9##
85291 2012 11 15 20 44 48 ##0017,LD9n2J5n1V1?1;151*^l1##
85292 2012 11 15 20 44 54 ##0017,LG9m2Q5n1W1>1;151*<X1##
85293 2012 11 15 20 45 01 ##0017,LG9n2Q502X1>1<161*Dh9##
85294 2012 11 15 20 45 09 ##0017,LC903N502X1?1<151*<?2##
85295 2012 11 15 20 45 17 ##0017,LE933N522Z1A1=181*YS=##
85296 2012 11 15 20 45 23 ##0017,LH923R532Z1A1<181*WW;##
85297 2012 11 15 20 45 29 ##0017,LG903T502Y1?1=171*EJ4##
85298 2012 11 15 20 45 37 ##0017,LD913J502X1@1<171*G]2##
85299 2012 11 15 20 45 43 ##0017,LE903T512Z1@1<171*A43##
85300 2012 11 15 20 45 51 ##0017,LD903L502X1?1;171*?>0##
85301 2012 11 15 20 45 57 ##0017,LF903Q512X1?1;171*cB0##
85302 2012 11 15 20 46 05 ##0017,LD9n2I5n1W1>1;171*?T1##
85303 2012 11 15 20 46 11 ##0017,LG9m2O5o1W1>1;151*<Y1##
85304 2012 11 15 20 46 19 ##0017,LD9l2C5k1U1=1:141*mZ6##
85305 2012 11 15 20 46 26 ##0017,LG9k2L5l1W1=1:151*K1?##
85306 2012 11 15 20 46 34 ##0017,LE9j2C5k1U1<19151*_:<##
85307 2012 11 15 20 46 40 ##0017,LG9i2H5m1U1<1:151*;A>##
85308 2012 11 15 20 46 46 ##0017,LF9h2F5l1T1<19151*16<##
85309 2012 11 15 20 46 54 ##0017,LB9f2;5i1S1;18151*9B9##
85310 2012 11 15 20 47 02 ##0017,LD9e285g1Q1;18121*Tl0##
85311 2012 11 15 20 47 08 ##0017,LH9c2=5i1R1:17121*kZ>##
85312 2012 11 15 20 47 14 ##0017,LG9b2;5h1Q1:16121*aO<##
85313 2012 11 15 20 47 22 ##0017,LC9`245d1O1915111*iS1##
85314 2012 11 15 20 47 30 ##0017,LE9^2n4d1N1815111*]G1##
85315 2012 11 15 20 47 37 ##0017,LI9\225e1N1815101*Tl8##
85316 2012 11 15 20 47 43 ##0017,LH9[235c1N1714101*jH6##
85317 2012 11 15 20 47 51 ##0017,LD9Y2e4a1L16121m0*ol9##
85318 2012 11 15 20 47 57 ##0017,LF9W2i4a1K15121n0*dF1##
85319 2012 11 15 20 48 05 ##0017,LD9U2d4^1I15121l0*om0##
85320 2012 11 15 20 48 11 ##0017,LG9T2e4^1I14121m0*MN8##
85321 2012 11 15 20 48 19 ##0017,LD9R2[4[1H131o0k0*=[=##
85322 2012 11 15 20 48 25 ##0017,LG9Q2_4\1G13101k0*4W3##
85323 2012 11 15 20 48 33 ##0017,LE9O2Y4[1F121o0j0*gi4##
85324 2012 11 15 20 48 39 ##0017,LG9N2^4Z1G111n0i0*BR:##
85325 2012 11 15 20 48 45 ##0017,LF9M2Z4\1F121n0j0*9l2##
85326 2012 11 15 20 48 54 ##0017,LB9L2Q4X1E111m0i0*H78##
85327 2012 11 15 20 49 02 ##0017,LD9K2S4W1D1o0m0g0*En5##
85328 2012 11 15 20 49 08 ##0017,LG9J2X4X1E1o0n0h0*d:0##
85329 2012 11 15 20 49 14 ##0017,LG9I2W4X1E1n0m0h0*;Z=##
85330 2012 11 15 20 49 22 ##0017,LC9I2N4W1C1o0l0g0*Sc3##
85331 2012 11 15 20 49 30 ##0017,LE9H2M4U1C1n0l0f0*n>;##
85332 2012 11 15 20 49 36 ##0017,LH9F2R4W1D1o0l0f0*Dm;##
85333 2012 11 15 20 49 42 ##0017,LH9F2N4U1C1n0l0f0*D?;##
85334 2012 11 15 20 49 50 ##0017,LD9F2J4T1B1n0k0e0*<31##
85335 2012 11 15 20 49 56 ##0017,LF9E2L4W1C1n0k0f0*8B9##
85336 2012 11 15 20 50 04 ##0017,LD9E2D4S1A1m0k0e0*4F0##
85337 2012 11 15 20 50 11 ##0017,LF9D2N4V1B1m0l0e0*0Y2##
85338 2012 11 15 20 50 19 ##0017,LD9C2G4R1@1m0k0d0*C=8##
85339 2012 11 15 20 50 25 ##0017,LG9C2L4U1A1m0k0e0*jM0##
85340 2012 11 15 20 50 33 ##0017,LD9C2E4T1@1m0j0e0*C@>##
85341 2012 11 15 20 50 39 ##0017,LG9B2J4S1A1l0k0d0*ah7##
85342 2012 11 15 20 50 47 ##0017,LE9A2B4Q1?1l0j0c0*TP=##
85343 2012 11 15 20 50 53 ##0017,LG9A2E4T1@1m0j0d0*9@6##
85344 2012 11 15 20 50 59 ##0017,LF9A2I4R1@1l0i0d0*7^3##
85345 2012 11 15 20 51 07 ##0017,LB9A2>4R1>1l0i0b0*NH3##
85346 2012 11 15 20 51 15 ##0017,LD9@2A4R1>1l0i0b0*jI3##
85347 2012 11 15 20 51 22 ##0017,LH9@2F4S1@1k0h0b0*R>1##
85348 2012 11 15 20 51 28 ##0017,LG9?2C4R1?1k0i0d0*i23##
85349 2012 11 15 20 51 36 ##0017,LC9?2<4Q1>1l0i0b0*@E3##
85350 2012 11 15 20 51 44 ##0017,LE9?2<4P1>1k0i0b0*Dc2##
85351 2012 11 15 20 51 50 ##0017,LI9@2E4S1?1l0j0c0*4V=##
85352 2012 11 15 20 51 56 ##0017,LH9?2F4R1>1k0h0c0*Jl8##
85353 2012 11 15 20 52 04 ##0017,LD9@2@4P1>1k0i0b0*Je2##
85354 2012 11 15 20 52 12 ##0017,LE9?2<4P1>1l0i0a0*CC;##
85355 2012 11 15 20 52 18 ##0017,LI9@2F4S1?1l0j0b0*TV5##
85356 2012 11 15 20 52 24 ##0017,LH9?2B4R1@1k0i0a0*I:;##
85357 2012 11 15 20 52 32 ##0017,LD9@2A4P1?1l0j0a0*iM=##
85358 2012 11 15 20 52 39 ##0017,LG9A2E4S1@1l0j0b0*8^5##
85359 2012 11 15 20 52 47 ##0017,LD9A2?4Q1?1l0j0b0*2O5##
85360 2012 11 15 20 52 53 ##0017,LG9A2I4R1@1m0j0c0*8>>##
85361 2012 11 15 20 53 01 ##0017,LD9C2A4R1@1m0k0b0*B:8##
85362 2012 11 15 20 53 07 ##0017,LG9C2M4T1A1l0l0d0*Il9##
85363 2012 11 15 20 53 15 ##0017,LE9D2H4U1@1m0k0c0*mC0##
85364 2012 11 15 20 53 21 ##0017,LG9E2O4U1C1n0k0e0*Z?1##
85365 2012 11 15 20 53 27 ##0017,LE9F2M4V1C1n0l0d0*]@;##
85366 2012 11 15 20 53 35 ##0017,LB9G2L4U1B1n0l0d0*?6;##
85367 2012 11 15 20 53 43 ##0017,LD9H2O4W1C1o0l0e0*lc3##
85368 2012 11 15 20 53 49 ##0017,LH9I2X4X1E101m0e0*ZZ7##
85369 2012 11 15 20 53 56 ##0017,LG9L2Z4[1F111m0f0*1J0##
85370 2012 11 15 20 54 04 ##0017,LC9M2V4Z1E111n0g0*1>:##
85371 2012 11 15 20 54 12 ##0017,LE9O2Z4\1F13101h0*>L;##
85372 2012 11 15 20 54 18 ##0017,LH9R2c4]1I13111i0*=k5##
85373 2012 11 15 20 54 24 ##0017,LH9S2f4^1I14121j0*fN0##
85374 2012 11 15 20 54 32 ##0017,LD9V2a4_1K15121k0*V>9##
85375 2012 11 15 20 54 40 ##0017,LE9Y2i4b1L16141k0*01>##
85376 2012 11 15 20 54 46 ##0017,LI9[235c1N17141m0*II>##
85377 2012 11 15 20 54 52 ##0017,LH9]245f1O18151n0*889##
85378 2012 11 15 20 55 00 ##0017,LD9`255f1P19151o0*i`1##
85379 2012 11 15 20 55 07 ##0017,LF9b2<5i1R1;18101*?:1##
85380 2012 11 15 20 55 15 ##0017,LD9g2<5i1S1;18101*cB1##
85381 2012 11 15 20 55 21 ##0017,LF9j2K5n1V1>1:131*`L?##
85382 2012 11 15 20 55 29 ##0017,LD9m2J5o1V1>1;141*UN9##
85383 2012 11 15 20 55 35 ##0017,LG913U522Z1@1=161*l6=##
85384 2012 11 15 20 55 43 ##0017,LD933Q532[1A1=171*7_5##
85385 2012 11 15 20 55 49 ##0017,LG973\552]1C1?191*>9;##
85386 2012 11 15 20 55 57 ##0017,LE9:3_572^1D1?1:1*3g3##
85387 2012 11 15 20 56 03 ##0017,LG9=3i5:2`1F1A1<1*PB9##
85388 2012 11 15 20 56 11 ##0017,LE9@3f5:2a1F1C1<1*DI=##
85389 2012 11 15 20 56 17 ##0017,LG9C346?2c1H1C1?1*bK6##
85390 2012 11 15 20 56 23 ##0017,LF9E336?2e1I1D1?1*P;9##
85391 2012 11 15 20 56 32 ##0017,LB9G306?2d1I1E1?1*82;##
85392 2012 11 15 20 56 40 ##0017,LD9I386?2g1J1F1@1*Mn5##
85393 2012 11 15 20 56 46 ##0017,LH9K3=6C2h1L1F1B1*FA7##
85394 2012 11 15 20 56 52 ##0017,LG9N3D6D2i1L1G1D1*=O9##
85395 2012 11 15 20 57 00 ##0017,LC9O3>6E2i1M1H1D1*=n;##
85396 2012 11 15 20 57 08 ##0017,LE9Q3@6E2j1L1H1D1*QW;##
85397 2012 11 15 20 57 14 ##0017,LH9R3I6G2l1N1I1E1*@07##
85398 2012 11 15 20 57 20 ##0017,LH9T3M6G2l1O1J1G1*QR9##
85399 2012 11 15 20 57 28 ##0017,LD9U3G6H2m1O1J1F1*QY1##
85400 2012 11 15 20 57 36 ##0017,LF9W3J6I2m1P1K1G1*E=<##
85401 2012 11 15 20 57 43 ##0017,LI9X3U6K2o1P1K1H1*4W4##
85402 2012 11 15 20 57 49 ##0017,LH9Z3X6L202R1L1I1*b28##
85403 2012 11 15 20 57 57 ##0017,LD9\3T6L202Q1L1H1*iP?##
85404 2012 11 15 20 58 03 ##0017,LF9]3Z6O212S1M1K1*7b:##
85405 2012 11 15 20 58 11 ##0017,LD9^3Y6N222S1N1I1*Zg<##
85406 2012 11 15 20 58 17 ##0017,LG9`3b6P242S1O1L1*R@7##
85407 2012 11 15 20 58 25 ##0017,LD9b3^6P242S1O1K1*[>?##
85408 2012 11 15 20 58 31 ##0017,LG9d3c6Q252U1P1N1*SK:##
85409 2012 11 15 20 58 39 ##0017,LE9e3_6R242U1P1M1*WC2##
85410 2012 11 15 20 58 45 ##0017,LG9f3f6T262V1Q1O1*D;5##
85411 2012 11 15 20 58 54 ##0017,LE9g3e6S262W1Q1N1*gX=##
85412 2012 11 15 20 59 00 ##0017,LG9h3m6U262W1R1Q1*5a7##
85413 2012 11 15 20 59 06 ##0017,LF9h3j6T282V1R1P1*RM?##
85414 2012 11 15 20 59 14 ##0017,LB9h3h6T262V1R1O1*J<7##
85415 2012 11 15 20 59 22 ##0017,LD9h3g6T262W1R1N1*m[?##
85416 2012 11 15 20 59 28 ##0017,LH9g3j6S262V1R1P1*N;?##
85417 2012 11 15 20 59 34 ##0017,LG9g3i6U272W1R1P1*lf?##
85418 2012 11 15 20 59 42 ##0017,LC9e3d6R252U1Q1O1*4N4##
85419 2012 11 15 20 59 50 ##0017,LE9e3b6R252U1P1O1*8M2##
85420 2012 11 15 20 59 56 ##0017,LI9c3g6R242U1Q1M1*OG4##
85421 2012 11 15 21 00 02 ##0017,LH9b3d6R242U1O1N1*eE8##
