MULTIFILTER 7 21 24221   43223.00000
LAMBDAS
Si					0  7 14 TABLENL
414_nm.					1  8 15 TABLE
499_nm.					2  9 16 KEY TABLE
608_nm.					3 10 17 TABLE
662_nm.					4 11 18 TABLE
859_nm.					5 12 19 TABLE
934_nm.					6 13 20 TABLENL
END
SN1
1.95000 0.51248 0.60543 0.66014 0.71296 0.76637 0.81302 0.85633 0.89792 0.93789
0.97469 1.00356 1.02264 1.02644 1.01743 1.01155 1.00678 1.00293 1.00026 0.99872
0.99724 0.99725 0.99646 0.99622 0.99650 0.99671 0.99691 0.99810 0.99785 0.99844
0.99818 0.99847 0.99897 0.99981 0.99895 0.99955 0.99843 0.99843 0.99731 0.99766
0.99700 0.99606 0.99553 0.99431 0.99331 0.99297 0.99207 0.99188 0.99133 0.99048
0.99079 0.99043 0.99019 0.98970 0.98926 0.98971 0.98980 0.99053 0.99047 0.99065
0.99110 0.99164 0.99225 0.99314 0.99360 0.99437 0.99488 0.99602 0.99650 0.99771
0.99822 0.99877 0.99934 0.99990 1.00038 1.00082 1.00134 1.00151 1.00165 1.00190
1.00210 1.00194 1.00147 1.00165 1.00170 1.00130 1.00120 1.00068 1.00061 1.00046
1.00000
0.99901 0.99733 0.99678 0.99694 0.99615 0.99579 0.99528 0.99507 0.99481 0.99457
0.99432 0.99353 0.99328 0.99246 0.99190 0.99105 0.99069 0.99003 0.98899 0.98808
0.98707 0.98640 0.98553 0.98486 0.98334 0.98336 0.98216 0.98136 0.98076 0.98024
0.97915 0.97886 0.97794 0.97784 0.97724 0.97747 0.97681 0.97740 0.97753 0.97766
0.97739 0.97721 0.97762 0.97779 0.97871 0.97843 0.97893 0.97917 0.97981 0.98050
0.98008 0.97959 0.97979 0.97980 0.97910 0.97840 0.97748 0.97652 0.97555 0.97434
0.97319 0.97221 0.97027 0.96880 0.96781 0.96689 0.96509 0.96465 0.96361 0.96282
0.96290 0.96313 0.96464 0.96685 0.96947 0.97340 0.97932 0.98500 0.98906 0.97732
0.94847 0.91162 0.87124 0.83024 0.78574 0.73827 0.68226 0.63347 0.58420 1.95000 
END
SN2
1.95000 0.63454 0.74375 0.70088 0.75021 0.80166 0.87296 0.90210 0.92449 0.99197
1.00670 1.03554 1.04260 1.03553 1.03567 1.01165 1.00125 1.00799 0.99575 0.99631
0.98577 0.98496 0.97705 0.97812 0.97021 0.97475 0.97088 0.96626 0.96721 0.97329
0.97027 0.97511 0.96869 0.97458 0.97508 0.97462 0.97829 0.97812 0.97706 0.97733
0.97561 0.98005 0.98006 0.98221 0.98413 0.98696 0.98416 0.98309 0.98371 0.98831
0.98892 0.98918 0.98994 0.99265 0.99054 0.99236 0.99477 0.99475 0.99484 0.99424
0.99520 0.99852 0.99975 1.00266 1.00055 1.00177 1.00068 1.00313 1.00499 1.00293
1.00622 1.00630 1.00496 1.00587 1.00447 1.00634 1.00368 1.00451 1.00577 1.01035
1.00397 1.00677 1.00753 1.00540 1.00646 1.00684 1.00447 1.00172 1.00218 1.00085
1.00000
1.00099 1.00379 1.00155 1.00115 1.00385 1.00231 1.00226 1.00260 1.00405 0.99695
1.00395 1.00145 1.00096 1.00170 0.99759 1.00050 0.99831 0.99732 0.99592 0.99269
0.99245 0.99557 0.99300 0.98902 0.99179 0.99133 0.98816 0.98622 0.98950 0.98588
0.98869 0.98289 0.98067 0.98183 0.98123 0.97577 0.97279 0.97221 0.97173 0.97086
0.96915 0.96942 0.96685 0.96187 0.95944 0.95848 0.96424 0.95897 0.95800 0.95257
0.94930 0.95493 0.94341 0.94399 0.94819 0.94459 0.94168 0.94423 0.93726 0.93799
0.93243 0.93373 0.93948 0.93582 0.92739 0.93293 0.93324 0.92893 0.93602 0.93848
0.93601 0.93787 0.94155 0.94333 0.94740 0.95104 0.96875 0.97354 0.97896 0.98377
0.96317 0.92926 0.90956 0.86962 0.83372 0.80930 0.79233 0.78379 0.76665 1.95000 
END
SN3
1.95000 0.44725 0.54223 0.65627 0.72033 0.77760 0.82753 0.88283 0.92367 0.96408
0.99472 1.02126 1.02970 1.03115 1.01945 1.00610 0.99967 0.99426 0.98653 0.98348
0.97733 0.97704 0.97094 0.97031 0.96748 0.96466 0.96472 0.96310 0.96259 0.96332
0.96223 0.96318 0.96237 0.96366 0.96404 0.96271 0.96508 0.96771 0.96923 0.96728
0.96849 0.96995 0.96955 0.97404 0.97333 0.97598 0.97585 0.97621 0.97851 0.98201
0.98273 0.98309 0.98375 0.98504 0.98693 0.98861 0.99057 0.99018 0.99296 0.99413
0.99522 0.99430 0.99695 0.99948 0.99834 1.00064 1.00037 1.00163 1.00171 1.00236
1.00143 1.00375 1.00335 1.00374 1.00373 1.00481 1.00398 1.00490 1.00482 1.00565
1.00342 1.00401 1.00431 1.00309 1.00178 1.00226 1.00108 1.00340 1.00002 0.99953
1.00000
0.99982 1.00014 0.99906 0.99938 1.00010 1.00013 0.99810 0.99924 1.00080 0.99725
0.99930 0.99740 0.99645 0.99847 0.99782 0.99743 0.99691 0.99580 0.99621 0.99308
0.99465 0.99325 0.99210 0.99014 0.99037 0.98871 0.98712 0.98722 0.98619 0.98473
0.98419 0.97998 0.97824 0.97915 0.97702 0.97489 0.97243 0.96994 0.96752 0.96559
0.96514 0.96357 0.96001 0.95884 0.95624 0.95549 0.95293 0.95196 0.94894 0.94591
0.94570 0.94399 0.94439 0.94222 0.93956 0.93913 0.93622 0.93488 0.93428 0.93258
0.93169 0.93104 0.93207 0.93102 0.93019 0.92995 0.92827 0.93371 0.92995 0.93596
0.93415 0.94056 0.94047 0.94198 0.95083 0.95348 0.96195 0.97128 0.98199 0.97594
0.95731 0.91940 0.89639 0.86358 0.83015 0.79638 0.74157 0.70130 0.68645 1.95000 
END
SN4
1.95000 0.48445 0.60004 0.67401 0.73071 0.78677 0.84474 0.89117 0.92520 0.96581
0.99399 1.02109 1.03396 1.03006 1.01659 1.00979 0.99882 0.99630 0.98974 0.98517
0.98204 0.97807 0.97638 0.97416 0.97290 0.97379 0.97218 0.96911 0.97035 0.97037
0.97094 0.96959 0.96994 0.96929 0.97303 0.97112 0.97403 0.97461 0.97646 0.97502
0.97477 0.97827 0.97678 0.97899 0.97931 0.97954 0.98193 0.98121 0.98282 0.98515
0.98475 0.98668 0.98783 0.98871 0.98931 0.99058 0.99219 0.99007 0.99283 0.99368
0.99429 0.99434 0.99722 0.99907 0.99791 0.99928 1.00133 1.00055 1.00039 1.00071
1.00080 1.00241 1.00356 1.00272 1.00298 1.00336 1.00249 1.00382 1.00450 1.00364
1.00233 1.00368 1.00423 1.00230 1.00183 1.00221 1.00143 1.00311 1.00076 0.99948
1.00000
0.99998 0.99986 0.99907 0.99911 0.99914 0.99892 0.99809 0.99875 1.00047 0.99803
1.00052 0.99855 0.99813 0.99897 0.99796 0.99807 0.99655 0.99647 0.99526 0.99430
0.99528 0.99439 0.99275 0.99236 0.99184 0.99071 0.98961 0.98972 0.98905 0.98761
0.98754 0.98480 0.98286 0.98435 0.98254 0.98068 0.97866 0.97769 0.97465 0.97452
0.97434 0.97222 0.97067 0.97028 0.96706 0.96808 0.96517 0.96437 0.96293 0.95935
0.95796 0.95812 0.95656 0.95539 0.95345 0.95197 0.95054 0.94972 0.94900 0.94974
0.94477 0.94542 0.94498 0.94587 0.94257 0.94326 0.94416 0.94589 0.94459 0.94783
0.95032 0.95103 0.95576 0.95786 0.96342 0.97077 0.97655 0.99051 0.99654 0.99206
0.97010 0.93861 0.89653 0.85795 0.80904 0.75666 0.72608 0.68186 0.65770 1.95000 
END
SN5
1.95000 0.57145 0.67067 0.72366 0.76779 0.81846 0.85442 0.89968 0.93158 0.96796
0.99634 1.02190 1.03602 1.03214 1.01795 1.00958 1.00157 0.99866 0.99208 0.98764
0.98303 0.98105 0.97828 0.97649 0.97443 0.97282 0.97243 0.96951 0.97159 0.97116
0.97022 0.97006 0.97058 0.96969 0.97424 0.97256 0.97404 0.97530 0.97568 0.97514
0.97580 0.97783 0.97723 0.98024 0.97984 0.98185 0.98256 0.98234 0.98363 0.98619
0.98614 0.98746 0.98814 0.98937 0.98992 0.99112 0.99208 0.99184 0.99353 0.99510
0.99474 0.99525 0.99836 0.99971 0.99814 0.99961 1.00024 1.00134 1.00049 1.00170
1.00156 1.00172 1.00324 1.00215 1.00243 1.00383 1.00339 1.00377 1.00371 1.00460
1.00265 1.00369 1.00307 1.00205 1.00192 1.00205 1.00045 1.00275 1.00110 1.00003
1.00000
0.99989 0.99972 0.99873 0.99884 0.99916 0.99924 0.99831 0.99872 1.00008 0.99868
0.99927 0.99813 0.99775 0.99837 0.99677 0.99749 0.99702 0.99620 0.99622 0.99482
0.99549 0.99493 0.99400 0.99235 0.99220 0.99175 0.99038 0.99055 0.98928 0.98860
0.98814 0.98650 0.98514 0.98542 0.98379 0.98162 0.98104 0.97786 0.97678 0.97507
0.97549 0.97443 0.97213 0.97071 0.96762 0.96831 0.96632 0.96537 0.96419 0.96213
0.96021 0.96082 0.95905 0.95785 0.95582 0.95464 0.95244 0.95201 0.95115 0.95050
0.94943 0.94843 0.94988 0.94966 0.94804 0.94774 0.94959 0.95060 0.95075 0.95354
0.95511 0.96010 0.96209 0.96639 0.97438 0.97735 0.98948 0.99815 1.01095 1.00195
0.97847 0.93872 0.89685 0.85287 0.80170 0.75150 0.68334 0.62473 0.59586 1.95000 
END
SN6
1.95000 0.57135 0.67273 0.71672 0.76255 0.81126 0.85317 0.89258 0.93076 0.96817
0.99957 1.02569 1.04116 1.04216 1.02983 1.02011 1.01173 1.00858 1.00183 0.99846
0.99400 0.99186 0.98749 0.98669 0.98383 0.98216 0.98136 0.97767 0.97976 0.98025
0.97908 0.97943 0.97885 0.97862 0.98055 0.98011 0.98075 0.98259 0.98331 0.98153
0.98243 0.98447 0.98431 0.98637 0.98633 0.98781 0.98764 0.98753 0.98857 0.99084
0.99102 0.99249 0.99261 0.99373 0.99344 0.99476 0.99582 0.99521 0.99667 0.99802
0.99780 0.99761 1.00015 1.00154 1.00003 1.00124 1.00174 1.00287 1.00169 1.00240
1.00227 1.00242 1.00327 1.00235 1.00248 1.00339 1.00313 1.00347 1.00382 1.00461
1.00230 1.00316 1.00303 1.00185 1.00184 1.00160 1.00110 1.00264 1.00041 0.99984
1.00000
0.99928 0.99872 0.99778 0.99768 0.99738 0.99670 0.99598 0.99615 0.99738 0.99567
0.99665 0.99552 0.99469 0.99590 0.99440 0.99502 0.99500 0.99368 0.99367 0.99250
0.99323 0.99275 0.99222 0.99100 0.99124 0.99040 0.98986 0.98966 0.98907 0.98792
0.98861 0.98667 0.98538 0.98557 0.98442 0.98277 0.98165 0.97968 0.97831 0.97698
0.97773 0.97659 0.97469 0.97398 0.97135 0.97210 0.97037 0.96963 0.96831 0.96652
0.96517 0.96579 0.96442 0.96268 0.96162 0.96048 0.95908 0.95894 0.95841 0.95779
0.95662 0.95655 0.95690 0.95812 0.95703 0.95811 0.95824 0.96058 0.96019 0.96437
0.96577 0.97109 0.97317 0.97885 0.98655 0.99124 1.00162 1.01055 1.01581 1.00469
0.97606 0.93727 0.89347 0.84432 0.78942 0.73682 0.67342 0.60935 0.55161 1.95000 
END
SN7
1.95000 0.51623 0.61213 0.67305 0.73373 0.78861 0.83778 0.88389 0.92792 0.96804
1.00297 1.03276 1.05003 1.05097 1.03835 1.02976 1.02062 1.01650 1.00855 1.00573
1.00053 0.99726 0.99350 0.99158 0.98915 0.98720 0.98629 0.98300 0.98429 0.98468
0.98343 0.98342 0.98291 0.98309 0.98481 0.98452 0.98524 0.98676 0.98735 0.98630
0.98702 0.98841 0.98814 0.99031 0.98983 0.99134 0.99131 0.99098 0.99185 0.99387
0.99389 0.99503 0.99549 0.99646 0.99656 0.99778 0.99866 0.99818 0.99947 1.00034
1.00015 1.00025 1.00245 1.00336 1.00207 1.00308 1.00341 1.00416 1.00304 1.00373
1.00373 1.00383 1.00463 1.00347 1.00352 1.00435 1.00377 1.00401 1.00431 1.00470
1.00282 1.00347 1.00335 1.00221 1.00182 1.00183 1.00132 1.00260 1.00083 1.00015
1.00000
0.99913 0.99801 0.99738 0.99703 0.99667 0.99597 0.99510 0.99522 0.99634 0.99497
0.99582 0.99480 0.99431 0.99520 0.99392 0.99446 0.99427 0.99337 0.99307 0.99222
0.99286 0.99252 0.99213 0.99104 0.99091 0.99047 0.98972 0.98943 0.98898 0.98775
0.98800 0.98623 0.98489 0.98495 0.98400 0.98245 0.98133 0.97941 0.97840 0.97735
0.97726 0.97638 0.97473 0.97390 0.97176 0.97238 0.97075 0.96970 0.96848 0.96699
0.96566 0.96541 0.96434 0.96277 0.96199 0.96053 0.95884 0.95881 0.95820 0.95805
0.95685 0.95652 0.95705 0.95815 0.95745 0.95820 0.95902 0.96159 0.96214 0.96637
0.96784 0.97265 0.97573 0.98097 0.98779 0.99290 1.00358 1.01206 1.01686 1.00499
0.97747 0.94165 0.89847 0.85462 0.80649 0.75800 0.70124 0.64575 0.59979 1.95000 
END
WE1
1.95000 0.54131 0.61747 0.66528 0.71561 0.76142 0.80630 0.84894 0.88913 0.92615
0.96019 0.98603 1.00499 1.00585 0.99964 0.99448 0.98992 0.98765 0.98699 0.98539
0.98513 0.98542 0.98548 0.98561 0.98648 0.98620 0.98738 0.98744 0.98809 0.98917
0.98971 0.98982 0.99036 0.98998 0.98972 0.98909 0.99018 0.98908 0.98861 0.98895
0.98826 0.98764 0.98626 0.98588 0.98554 0.98498 0.98436 0.98384 0.98321 0.98321
0.98246 0.98272 0.98295 0.98250 0.98265 0.98289 0.98339 0.98376 0.98381 0.98461
0.98536 0.98617 0.98693 0.98789 0.98892 0.98938 0.99056 0.99126 0.99195 0.99287
0.99384 0.99469 0.99530 0.99625 0.99660 0.99713 0.99757 0.99783 0.99859 0.99953
0.99940 0.99912 0.99969 0.99991 1.00011 1.00022 1.00012 1.00038 1.00005 0.99982
1.00000
0.99935 0.99868 0.99842 0.99773 0.99772 0.99763 0.99764 0.99695 0.99653 0.99634
0.99579 0.99566 0.99480 0.99394 0.99314 0.99254 0.99135 0.99059 0.98977 0.98849
0.98746 0.98671 0.98552 0.98463 0.98320 0.98285 0.98163 0.98069 0.97971 0.97872
0.97786 0.97726 0.97625 0.97571 0.97500 0.97491 0.97445 0.97481 0.97435 0.97490
0.97430 0.97444 0.97385 0.97479 0.97398 0.97499 0.97495 0.97535 0.97602 0.97666
0.97667 0.97684 0.97648 0.97615 0.97583 0.97525 0.97494 0.97410 0.97299 0.97088
0.96983 0.96892 0.96797 0.96595 0.96498 0.96342 0.96206 0.96055 0.95954 0.95862
0.95864 0.95840 0.95797 0.95965 0.96123 0.96448 0.97053 0.97170 0.96499 0.94720
0.92117 0.88412 0.84361 0.79654 0.75097 0.70053 0.64580 0.59007 0.49466 1.95000 
END
WE2
1.95000 0.68421 0.69980 0.77708 0.78144 0.81265 0.85036 0.88499 0.92727 0.95555
0.98491 1.00779 1.00638 0.99695 0.98120 0.98962 0.97388 0.97049 0.96583 0.96192
0.96896 0.95648 0.95820 0.96166 0.96471 0.96203 0.95585 0.96121 0.95826 0.95771
0.96167 0.95762 0.96073 0.96562 0.96037 0.96887 0.96378 0.96425 0.96256 0.96848
0.97184 0.97088 0.97036 0.97122 0.97229 0.97653 0.97344 0.97743 0.97721 0.97799
0.98081 0.98093 0.98338 0.98143 0.98388 0.98579 0.98623 0.98966 0.99282 0.99255
0.99186 0.99116 0.99393 0.99668 0.99716 1.00017 0.99877 0.99910 0.99739 1.00026
1.00196 1.00073 1.00234 1.00318 1.00174 1.00499 1.00417 1.00301 0.99939 1.00188
1.00406 1.00420 1.00335 1.00277 1.00383 1.00484 1.00234 1.00088 1.00071 1.00301
1.00000
1.00190 1.00071 0.99991 1.00391 1.00242 0.99997 1.00340 0.99874 1.00106 0.99981
1.00004 1.00274 0.99968 0.99824 0.99846 0.99823 0.99746 0.99534 0.99759 0.99636
0.99784 0.99446 0.99065 0.99220 0.99178 0.99045 0.99030 0.99050 0.98530 0.98501
0.98258 0.98045 0.98056 0.98056 0.97851 0.97793 0.97497 0.97095 0.97447 0.96962
0.96866 0.97046 0.96637 0.96288 0.96366 0.95648 0.96008 0.96025 0.95547 0.95220
0.94948 0.94698 0.95469 0.95097 0.94541 0.94666 0.94206 0.93435 0.93968 0.93963
0.93434 0.93249 0.93541 0.92611 0.92606 0.93136 0.93864 0.93065 0.92904 0.93614
0.92465 0.93886 0.94128 0.93910 0.94732 0.94590 0.95480 0.96463 0.98257 0.97106
0.94642 0.89771 0.86697 0.82168 0.76665 0.74146 0.67716 0.67083 0.70419 1.95000 
END
WE3
1.95000 0.60754 0.68989 0.67780 0.75793 0.79962 0.84461 0.88021 0.91972 0.94974
0.98045 1.00288 1.01711 1.00990 0.99946 0.99212 0.98429 0.97897 0.97568 0.96843
0.96723 0.96312 0.96127 0.95811 0.96248 0.95853 0.95884 0.95683 0.95622 0.95554
0.95447 0.95881 0.95467 0.95825 0.95996 0.96196 0.96131 0.96007 0.96158 0.96072
0.96474 0.96440 0.96794 0.96793 0.96883 0.96979 0.97095 0.97384 0.97281 0.97682
0.97823 0.97986 0.98003 0.98337 0.98443 0.98708 0.98594 0.98888 0.99067 0.99171
0.99184 0.99328 0.99384 0.99700 0.99507 0.99813 0.99877 0.99849 0.99999 0.99996
1.00179 1.00225 1.00162 1.00282 1.00283 1.00318 1.00393 1.00309 1.00436 1.00354
1.00311 1.00357 1.00310 1.00340 1.00351 1.00265 1.00114 1.00223 1.00044 1.00165
1.00000
1.00141 1.00150 1.00007 1.00143 1.00107 1.00140 1.00205 1.00085 0.99967 0.99994
0.99879 1.00053 0.99927 1.00006 0.99890 0.99850 0.99860 0.99827 0.99887 0.99562
0.99541 0.99623 0.99263 0.99187 0.99132 0.98942 0.98969 0.98842 0.98566 0.98593
0.98378 0.97980 0.98167 0.97855 0.97764 0.97461 0.97396 0.96883 0.96821 0.96608
0.96494 0.96091 0.96287 0.95811 0.95665 0.95430 0.95298 0.95289 0.94824 0.94771
0.94534 0.94213 0.94293 0.94097 0.93938 0.93937 0.93812 0.93839 0.93442 0.93304
0.93135 0.93139 0.93204 0.93235 0.93191 0.93279 0.93164 0.93250 0.93249 0.93358
0.93764 0.93618 0.93910 0.94221 0.95021 0.95438 0.96103 0.97069 0.97128 0.96301
0.93784 0.91506 0.87583 0.83399 0.78886 0.73622 0.69875 0.66509 0.68193 1.95000 
END
WE4
1.95000 0.55322 0.62373 0.67466 0.72795 0.77737 0.82581 0.87908 0.91626 0.95532
0.98678 1.01060 1.02222 1.02173 1.00886 0.99976 0.99334 0.98756 0.98299 0.97825
0.97545 0.97252 0.97181 0.96721 0.96605 0.96793 0.96662 0.96589 0.96750 0.96574
0.96489 0.96827 0.96698 0.96806 0.97010 0.96942 0.96861 0.96992 0.97145 0.97059
0.97282 0.97305 0.97619 0.97474 0.97634 0.97683 0.97778 0.97866 0.98075 0.98131
0.98321 0.98427 0.98492 0.98552 0.98599 0.98803 0.98851 0.98939 0.99146 0.99212
0.99219 0.99294 0.99496 0.99748 0.99692 0.99766 0.99815 0.99935 1.00013 0.99920
1.00022 1.00059 1.00075 1.00199 1.00118 1.00219 1.00196 1.00062 1.00146 1.00243
1.00136 1.00242 1.00202 1.00192 1.00127 1.00125 0.99882 1.00042 0.99912 1.00017
1.00000
0.99934 0.99935 0.99911 0.99991 1.00030 0.99969 1.00041 0.99874 0.99941 0.99878
0.99778 0.99903 0.99790 0.99769 0.99846 0.99663 0.99662 0.99617 0.99684 0.99562
0.99415 0.99301 0.99251 0.99147 0.99056 0.98912 0.98873 0.98813 0.98630 0.98433
0.98373 0.98164 0.98233 0.98052 0.97850 0.97727 0.97662 0.97402 0.97317 0.97015
0.97081 0.96865 0.96801 0.96594 0.96550 0.96216 0.96177 0.96138 0.95908 0.95830
0.95582 0.95353 0.95404 0.95226 0.95008 0.95126 0.94838 0.94763 0.94699 0.94501
0.94393 0.94146 0.94243 0.94140 0.94107 0.93882 0.94015 0.93913 0.93918 0.93998
0.94310 0.94403 0.94867 0.94758 0.95870 0.96225 0.97052 0.97842 0.97463 0.96424
0.94726 0.92013 0.88471 0.84018 0.79589 0.75986 0.70125 0.67104 0.57342 1.95000 
END
WE5
1.95000 0.57180 0.63070 0.68524 0.73356 0.78850 0.83021 0.87618 0.91443 0.95119
0.98465 1.00885 1.02098 1.01493 1.00224 0.99846 0.99094 0.98458 0.97951 0.97667
0.97356 0.96977 0.97087 0.96682 0.96611 0.96694 0.96480 0.96501 0.96511 0.96486
0.96426 0.96563 0.96534 0.96732 0.96894 0.97002 0.96756 0.96896 0.97013 0.97076
0.97282 0.97342 0.97447 0.97468 0.97665 0.97687 0.97842 0.98004 0.98000 0.98138
0.98392 0.98446 0.98490 0.98628 0.98777 0.98868 0.98867 0.99024 0.99219 0.99187
0.99321 0.99474 0.99513 0.99669 0.99590 0.99816 0.99837 0.99915 0.99956 0.99954
1.00033 1.00172 1.00103 1.00188 1.00220 1.00251 1.00275 1.00194 1.00214 1.00310
1.00198 1.00219 1.00233 1.00142 1.00193 1.00185 1.00062 1.00129 0.99976 1.00096
1.00000
1.00074 1.00033 0.99957 1.00058 1.00073 1.00038 1.00124 0.99956 0.99987 0.99921
0.99822 1.00018 0.99818 0.99967 0.99893 0.99776 0.99748 0.99712 0.99712 0.99616
0.99581 0.99522 0.99348 0.99262 0.99153 0.99037 0.99047 0.98973 0.98819 0.98679
0.98578 0.98349 0.98385 0.98235 0.98177 0.97979 0.97863 0.97727 0.97621 0.97386
0.97329 0.97162 0.97023 0.96850 0.96729 0.96544 0.96448 0.96471 0.96153 0.95983
0.95839 0.95673 0.95686 0.95438 0.95254 0.95274 0.94961 0.94897 0.94867 0.94727
0.94600 0.94413 0.94430 0.94441 0.94258 0.94260 0.94265 0.94339 0.94348 0.94553
0.94692 0.94842 0.94986 0.95683 0.96017 0.96605 0.97556 0.98169 0.97971 0.96893
0.94731 0.91326 0.87701 0.84104 0.79500 0.75472 0.69644 0.64866 0.56369 1.95000 
END
WE6
1.95000 0.62344 0.67096 0.71355 0.75655 0.79750 0.84112 0.87937 0.91794 0.95264
0.98342 1.00835 1.02268 1.01983 1.00990 1.00275 0.99498 0.99093 0.98655 0.98318
0.98037 0.97623 0.97626 0.97245 0.97176 0.97231 0.97001 0.97023 0.96998 0.96911
0.96944 0.96951 0.96935 0.97105 0.97150 0.97309 0.97166 0.97291 0.97350 0.97319
0.97551 0.97645 0.97752 0.97724 0.97865 0.97907 0.98045 0.98134 0.98190 0.98356
0.98488 0.98603 0.98594 0.98709 0.98802 0.98891 0.98936 0.99048 0.99231 0.99236
0.99335 0.99393 0.99523 0.99633 0.99553 0.99754 0.99759 0.99830 0.99860 0.99903
0.99931 0.99983 0.99969 1.00086 1.00024 1.00127 1.00101 1.00039 1.00054 1.00117
1.00038 1.00067 1.00095 1.00053 1.00080 1.00072 0.99923 1.00043 0.99961 1.00055
1.00000
1.00041 0.99983 0.99902 0.99934 0.99957 0.99945 0.99989 0.99812 0.99867 0.99871
0.99727 0.99928 0.99771 0.99825 0.99790 0.99743 0.99725 0.99699 0.99715 0.99592
0.99593 0.99581 0.99414 0.99367 0.99283 0.99177 0.99213 0.99146 0.99014 0.98944
0.98846 0.98603 0.98710 0.98574 0.98544 0.98341 0.98340 0.98114 0.98077 0.97902
0.97872 0.97687 0.97649 0.97389 0.97339 0.97175 0.97141 0.97105 0.96843 0.96813
0.96640 0.96454 0.96488 0.96409 0.96139 0.96147 0.95960 0.95915 0.95880 0.95808
0.95657 0.95511 0.95616 0.95648 0.95570 0.95620 0.95629 0.95641 0.95795 0.95921
0.96218 0.96431 0.96767 0.97208 0.97633 0.98261 0.99153 0.99570 0.99062 0.97425
0.94732 0.91027 0.86734 0.81759 0.76886 0.71221 0.65756 0.59425 0.51150 1.95000 
END
WE7
1.95000 0.63742 0.69676 0.73333 0.77555 0.81319 0.85614 0.89161 0.92799 0.96182
0.99268 1.01623 1.03063 1.03011 1.01895 1.01110 1.00298 0.99894 0.99399 0.99000
0.98628 0.98212 0.98209 0.97828 0.97716 0.97633 0.97470 0.97421 0.97357 0.97291
0.97289 0.97322 0.97277 0.97445 0.97508 0.97578 0.97501 0.97601 0.97698 0.97679
0.97873 0.97957 0.98078 0.98041 0.98156 0.98185 0.98295 0.98368 0.98438 0.98536
0.98660 0.98754 0.98810 0.98910 0.98996 0.99092 0.99122 0.99253 0.99399 0.99400
0.99491 0.99570 0.99675 0.99753 0.99703 0.99873 0.99896 0.99937 0.99967 0.99988
1.00013 1.00057 1.00041 1.00109 1.00052 1.00146 1.00116 1.00039 1.00072 1.00120
1.00048 1.00070 1.00075 1.00058 1.00053 1.00063 0.99934 1.00038 0.99964 1.00047
1.00000
1.00027 0.99997 0.99901 0.99925 0.99937 0.99925 0.99967 0.99842 0.99885 0.99890
0.99772 0.99935 0.99828 0.99857 0.99838 0.99787 0.99797 0.99769 0.99799 0.99705
0.99691 0.99670 0.99552 0.99502 0.99426 0.99339 0.99375 0.99321 0.99199 0.99131
0.99037 0.98856 0.98901 0.98784 0.98732 0.98541 0.98526 0.98359 0.98269 0.98083
0.98063 0.97920 0.97869 0.97697 0.97628 0.97486 0.97455 0.97415 0.97207 0.97123
0.96977 0.96833 0.96839 0.96701 0.96539 0.96544 0.96375 0.96323 0.96272 0.96160
0.96072 0.95988 0.96100 0.96103 0.96143 0.96226 0.96299 0.96404 0.96530 0.96788
0.97133 0.97449 0.97855 0.98281 0.98891 0.99563 1.00674 1.01002 1.00360 0.98516
0.95594 0.91500 0.86880 0.81706 0.75998 0.69947 0.63576 0.56677 0.48874 1.95000 
END
# From Files: MY469.5E9D.20180504094.SN  and  MY469.5E9D.20180504101.WE
# SN    Norm Channel:  2 0 0 0 0 0 0
# WE    Norm Channel:  2 0 0 0 0 0 0
# SN    Gains  J:   5 7 7 6 5 4 2
# WE    Gains  J:   5 7 7 6 5 4 2
# SN    1st moment deg:  -0.28 -0.4 -0.34 -0.25 -0.24 -0.27 -0.31
# WE    1st moment deg:  -0.21 -0.26 -0.27 -0.25 -0.21 -0.15 -0.15
# SN    Ref. Ch. St.Dev:  0.229 0.222 0.343
# WE    Ref. Ch. St.Dev:  0.207 0.194 0.394
# SN:   I 1 2 512 7
# WE:   I 1 2 512 7
# SN:   G 2 4  (1deg) 
# WE:   G 2 4  (1deg) 
# SN:   Ref_offset:  -2.75 -4.15  -4.7
# WE:   Ref_offset:  -2.8 -4.65  -1.2
# SN:   temp1:  39.553 39.468  0.04202
# WE:   temp1:  39.577 39.48  0.048386
# SN:   temp2:  39.027 38.956  0.027041
# WE:   temp2:  39.027 38.968  0.026801
# SN:   temp3:  22.878 22.316  0.73812
# WE:   temp3:  23.383 22.963  0.48705
