Header:
MFRSR SPECTRAL RESPONSE TEST:

Instrument Data:
Serial_number	Vis469
Instrument_rev	Yes_Mk1
Owner	DOE-ARM

Test_Conditions_Data:
Testing_agency	DOE-ARM_SRMS
Test_System_rev	D
Test_date	5/25/2016
Test_day	146	[Day_of_year]
Test_conductor	Craig Webb
Source_Type	175 watt Xenon_ARC
Monochromator_slit	85	microns
Wavelength_registration_line	361.1652	[nm]
Wavelength_registration_position	431533	[steps]

Comment:	From Japan/Mike Reynolds

Channel	Wavelength	Signal	
900	390	-6.432615E-05	4.619549E-06
900	390.25	-6.995294E-05	5.508322E-06
900	390.5	-6.475622E-05	6.174802E-06
900	390.75	-5.887854E-05	5.188264E-06
900	391	-6.249831E-05	5.335513E-06
900	391.25	-7.066968E-05	4.55347E-06
900	391.5	-6.303588E-05	4.940727E-06
900	391.75	-6.873434E-05	4.587443E-06
900	392	-5.94161E-05	4.550835E-06
900	392.25	-6.461282E-05	5.221139E-06
900	392.5	-5.776747E-05	4.581932E-06
900	392.75	-7.203156E-05	5.578987E-06
900	393	-6.76233E-05	6.226617E-06
900	393.25	-7.23541E-05	5.045072E-06
900	393.5	-6.335839E-05	4.18382E-06
900	393.75	-6.14589E-05	4.648108E-06
900	394	-6.196064E-05	4.55265E-06
900	394.25	-6.941521E-05	3.219652E-06
900	394.5	-6.70498E-05	4.162888E-06
900	394.75	-5.468522E-05	4.201807E-06
900	395	-6.002529E-05	3.365275E-06
900	395.25	-6.826832E-05	4.549637E-06
900	395.5	-7.568706E-05	4.372139E-06
900	395.75	-6.783824E-05	6.855377E-06
900	396	-6.493524E-05	4.655912E-06
900	396.25	-5.486437E-05	4.182825E-06
900	396.5	-7.059781E-05	5.678229E-06
900	396.75	-6.443345E-05	5.05388E-06
900	397	-5.884252E-05	4.259069E-06
900	397.25	-5.837659E-05	5.088383E-06
900	397.5	-7.059778E-05	4.237937E-06
900	397.75	-6.317905E-05	5.670808E-06
900	398	-6.321487E-05	5.694401E-06
900	398.25	-6.339406E-05	5.600698E-06
900	398.5	-6.586695E-05	3.967959E-06
900	398.75	-5.941589E-05	3.866234E-06
900	399	-6.436168E-05	4.894346E-06
900	399.25	-6.045519E-05	6.270518E-06
900	399.5	-6.353735E-05	7.515323E-06
900	399.75	-6.88774E-05	6.000064E-06
900	400	-6.156618E-05	5.648584E-06
900	400.25	-6.604606E-05	5.568079E-06
900	400.5	-7.009588E-05	3.912719E-06
900	400.75	-5.672785E-05	3.749594E-06
900	401	-5.848396E-05	5.86189E-06
900	401.25	-7.113518E-05	4.439018E-06
900	401.5	-5.998917E-05	5.495358E-06
900	401.75	-6.601016E-05	5.130684E-06
900	402	-6.439737E-05	6.054432E-06
900	402.25	-6.35014E-05	5.043702E-06
900	402.5	-5.468495E-05	4.040585E-06
900	402.75	-5.464909E-05	5.389122E-06
900	403	-6.18886E-05	4.025173E-06
900	403.25	-5.6226E-05	5.544555E-06
900	403.5	-5.160272E-05	5.253532E-06
900	403.75	-6.687023E-05	6.500593E-06
900	404	-6.85188E-05	4.888861E-06
900	404.25	-5.027666E-05	4.51243E-06
900	404.5	-6.389552E-05	4.812806E-06
900	404.75	-7.25686E-05	5.521271E-06
900	405	-6.034743E-05	4.519964E-06
900	405.25	-5.94156E-05	4.427886E-06
900	405.5	-6.052662E-05	4.52618E-06
900	405.75	-5.751612E-05	5.286848E-06
900	406	-5.945142E-05	4.308519E-06
900	406.25	-5.206856E-05	5.838649E-06
900	406.5	-6.360874E-05	5.095333E-06
900	406.75	-5.522238E-05	4.112415E-06
900	407	-6.1315E-05	4.706276E-06
900	407.25	-6.242601E-05	5.03451E-06
900	407.5	-5.221187E-05	4.397122E-06
900	407.75	-5.231937E-05	3.906934E-06
900	408	-6.113578E-05	4.653563E-06
900	408.25	-4.669262E-05	4.015433E-06
900	408.5	-5.608244E-05	3.803202E-06
900	408.75	-5.808943E-05	5.686427E-06
900	409	-5.515062E-05	4.906083E-06
900	409.25	-5.794604E-05	2.882835E-06
900	409.5	-6.694164E-05	4.707604E-06
900	409.75	-5.260601E-05	4.735336E-06
900	410	-6.848267E-05	6.067377E-06
900	410.25	-6.045475E-05	4.200291E-06
900	410.5	-6.160159E-05	5.574681E-06
900	410.75	-6.034719E-05	6.121236E-06
900	411	-4.877119E-05	5.394085E-06
900	411.25	-6.117148E-05	3.718094E-06
900	411.5	-6.357269E-05	5.324756E-06
900	411.75	-5.558058E-05	4.297293E-06
900	412	-4.873533E-05	5.851703E-06
900	412.25	-5.697827E-05	4.380427E-06
900	412.5	-5.618981E-05	5.708344E-06
900	412.75	-6.454027E-05	6.719878E-06
900	413	-5.565221E-05	5.055723E-06
900	413.25	-5.744414E-05	3.434146E-06
900	413.5	-6.350092E-05	6.427242E-06
900	413.75	-6.231823E-05	4.885985E-06
900	414	-5.96303E-05	5.691727E-06
900	414.25	-6.034706E-05	5.082451E-06
900	414.5	-5.558049E-05	3.055619E-06
900	414.75	-5.493536E-05	5.259444E-06
900	415	-6.088463E-05	5.061135E-06
900	415.25	-6.034703E-05	2.879259E-06
900	415.5	-6.052622E-05	4.406552E-06
900	415.75	-5.568796E-05	3.585962E-06
900	416	-5.33226E-05	5.212712E-06
900	416.25	-6.077706E-05	5.512452E-06
900	416.5	-6.880497E-05	5.054076E-06
900	416.75	-6.034698E-05	5.583282E-06
900	417	-5.805328E-05	4.706311E-06
900	417.25	-4.73733E-05	5.732074E-06
900	417.5	-5.497113E-05	3.994817E-06
900	417.75	-5.65122E-05	3.128516E-06
900	418	-6.077701E-05	2.944513E-06
900	418.25	-5.228319E-05	4.922815E-06
900	418.5	-6.353658E-05	3.923078E-06
900	418.75	-5.299997E-05	5.620042E-06
900	419	-4.891433E-05	4.828238E-06
900	419.25	-5.658384E-05	4.597133E-06
900	419.5	-5.812491E-05	6.824751E-06
900	419.75	-5.801741E-05	4.469765E-06
900	420	-4.597553E-05	4.685397E-06
900	420.25	-4.733741E-05	4.14135E-06
900	420.5	-5.149472E-05	5.108516E-06
900	420.75	-5.923591E-05	4.938009E-06
900	421	-5.414678E-05	4.755762E-06
900	421.25	-5.704972E-05	4.633387E-06
900	421.5	-5.185308E-05	5.419177E-06
900	421.75	-5.192477E-05	6.049505E-06
900	422	-5.543697E-05	3.903566E-06
900	422.25	-6.271224E-05	5.922079E-06
900	422.5	-5.522194E-05	4.555953E-06
900	422.75	-5.636878E-05	5.307149E-06
900	423	-6.013186E-05	4.46791E-06
900	423.25	-5.457682E-05	4.945934E-06
900	423.5	-6.163709E-05	3.731488E-06
900	423.75	-5.321496E-05	5.678181E-06
900	424	-5.253402E-05	3.480102E-06
900	424.25	-5.515023E-05	4.165673E-06
900	424.5	-5.532943E-05	6.756104E-06
900	424.75	-5.278488E-05	4.488242E-06
900	425	-5.891332E-05	3.996401E-06
900	425.25	-5.826821E-05	4.563776E-06
900	425.5	-5.446928E-05	4.188716E-06
900	425.75	-6.267638E-05	5.697911E-06
900	426	-5.572364E-05	4.912303E-06
900	426.25	-6.267636E-05	3.584042E-06
900	426.5	-5.658376E-05	3.432408E-06
900	426.75	-5.077787E-05	4.420719E-06
900	427	-5.0527E-05	4.498482E-06
900	427.25	-5.364497E-05	4.615499E-06
900	427.5	-5.464845E-05	4.650369E-06
900	427.75	-4.687142E-05	4.406895E-06
900	428	-5.260563E-05	4.126394E-06
900	428.25	-5.375245E-05	3.752421E-06
900	428.5	-5.303568E-05	5.095415E-06
900	428.75	-5.715713E-05	5.767337E-06
900	429	-5.898493E-05	4.894633E-06
900	429.25	-5.500681E-05	4.0151E-06
900	429.5	-6.328554E-05	5.163549E-06
900	429.75	-5.615362E-05	4.62152E-06
900	430	-5.44692E-05	5.59182E-06
900	430.25	-4.672801E-05	3.452262E-06
900	430.5	-5.737213E-05	4.412506E-06
900	430.75	-5.314315E-05	4.063414E-06
900	431	-5.396742E-05	5.286956E-06
900	431.25	-4.823323E-05	4.819512E-06
900	431.5	-5.299977E-05	5.273794E-06
900	431.75	-5.690619E-05	4.529473E-06
900	432	-5.966578E-05	4.8156E-06
900	432.25	-6.296294E-05	6.131489E-06
900	432.5	-5.464833E-05	5.585724E-06
900	432.75	-4.092209E-05	4.739425E-06
900	433	-4.984593E-05	4.05798E-06
900	433.25	-6.020332E-05	5.456087E-06
900	433.5	-4.66921E-05	3.474529E-06
900	433.75	-5.830385E-05	7.156757E-06
900	434	-5.414656E-05	2.64703E-06
900	434.25	-5.558011E-05	5.07361E-06
900	434.5	-5.586681E-05	4.849806E-06
900	434.75	-5.683445E-05	5.321805E-06
900	435	-5.844718E-05	4.322392E-06
900	480	-3.870005E-05	3.806709E-06
900	480.25	-4.214056E-05	4.434742E-06
900	480.5	-5.310718E-05	5.17396E-06
900	480.75	-3.791158E-05	3.633286E-06
900	481	-4.167464E-05	3.989917E-06
900	481.25	-3.873587E-05	5.822585E-06
900	481.5	-3.160396E-05	4.89386E-06
900	481.75	-4.679956E-05	4.774324E-06
900	482	-4.045611E-05	5.143737E-06
900	482.25	-4.153127E-05	3.462944E-06
900	482.5	-3.791155E-05	3.765222E-06
900	482.75	-4.533015E-05	4.20731E-06
900	483	-4.167461E-05	3.213757E-06
900	483.25	-3.554618E-05	4.502981E-06
900	483.5	-4.758798E-05	4.997063E-06
900	483.75	-3.79832E-05	4.332444E-06
900	484	-4.02052E-05	3.642559E-06
900	484.25	-4.568851E-05	5.928683E-06
900	484.5	-4.246303E-05	3.857315E-06
900	484.75	-4.081444E-05	6.20685E-06
900	485	-3.730226E-05	4.120077E-06
900	485.25	-4.593936E-05	4.01931E-06
900	485.5	-3.687218E-05	4.575104E-06
900	485.75	-4.608269E-05	3.934603E-06
900	486	-4.85914E-05	2.868832E-06
900	486.25	-4.38607E-05	3.958037E-06
900	486.5	-4.024099E-05	4.067943E-06
900	486.75	-3.740973E-05	2.884656E-06
900	487	-4.461329E-05	6.395796E-06
900	487.25	-5.48273E-05	4.634157E-06
900	487.5	-3.343164E-05	4.608881E-06
900	487.75	-4.2678E-05	3.607812E-06
900	488	-5.432553E-05	3.052926E-06
900	488.25	-3.991841E-05	3.157708E-06
900	488.5	-4.274966E-05	3.758347E-06
900	488.75	-4.647686E-05	4.403563E-06
900	489	-4.522252E-05	4.175397E-06
900	489.25	-3.801896E-05	2.79944E-06
900	489.5	-4.486412E-05	6.068832E-06
900	489.75	-4.497163E-05	3.83828E-06
900	490	-4.002591E-05	2.939808E-06
900	490.25	-4.998902E-05	5.576492E-06
900	490.5	-4.550919E-05	3.471391E-06
900	490.75	-5.03474E-05	5.815992E-06
900	491	-5.038322E-05	4.448314E-06
900	491.25	-4.231955E-05	5.18935E-06
900	491.5	-4.991731E-05	4.090203E-06
900	491.75	-3.776804E-05	4.526343E-06
900	492	-3.912991E-05	3.581207E-06
900	492.25	-3.927325E-05	6.060177E-06
900	492.5	-4.787451E-05	5.095871E-06
900	492.75	-3.554605E-05	2.857336E-06
900	493	-3.439921E-05	6.12929E-06
900	493.25	-4.160276E-05	5.547802E-06
900	493.5	-4.464903E-05	4.540806E-06
900	493.75	-3.289398E-05	5.012986E-06
900	494	-4.095765E-05	4.195117E-06
900	494.25	-3.278647E-05	4.452851E-06
900	494.5	-3.95958E-05	5.204218E-06
900	494.75	-4.826873E-05	5.25776E-06
900	495	-3.081534E-05	4.966136E-06
900	495.25	-4.744443E-05	5.786195E-06
900	495.5	-4.43623E-05	4.906812E-06
900	495.75	-3.36466E-05	4.960429E-06
900	496	-4.006169E-05	4.468271E-06
900	496.25	-4.977394E-05	5.244809E-06
900	496.5	-4.278542E-05	5.542992E-06
900	496.75	-4.787449E-05	6.49566E-06
900	497	-3.619113E-05	5.231501E-06
900	497.25	-4.597504E-05	3.441122E-06
900	497.5	-3.726629E-05	4.617829E-06
900	497.75	-4.651263E-05	5.641583E-06
900	498	-4.396809E-05	5.847689E-06
900	498.25	-3.482926E-05	3.944954E-06
900	498.5	-4.214032E-05	4.041235E-06
900	498.75	-3.683623E-05	4.017293E-06
900	499	-4.292878E-05	5.437311E-06
900	499.25	-4.611841E-05	5.721161E-06
900	499.5	-4.085014E-05	4.173118E-06
900	499.75	-4.70502E-05	4.775021E-06
900	500	-4.210449E-05	4.287414E-06
900	500.25	-4.403978E-05	6.065322E-06
900	500.5	-3.751716E-05	2.821475E-06
900	500.75	-4.970225E-05	4.492287E-06
900	501	-3.841312E-05	4.929171E-06
900	501.25	-4.217615E-05	6.20945E-06
900	501.5	-4.86271E-05	6.143103E-06
900	501.75	-5.221094E-05	5.013653E-06
900	502	-4.923635E-05	2.884674E-06
900	502.25	-5.231846E-05	4.716835E-06
900	502.5	-4.694268E-05	4.069248E-06
900	502.75	-4.690684E-05	5.586802E-06
900	503	-4.636925E-05	5.29113E-06
900	503.25	-4.927218E-05	5.251879E-06
900	503.5	-4.44698E-05	4.299942E-06
900	503.75	-4.317961E-05	6.140449E-06
900	504	-3.984664E-05	5.454435E-06
900	504.25	-3.052863E-05	4.434767E-06
900	504.5	-3.766048E-05	5.669627E-06
900	504.75	-4.031253E-05	4.118641E-06
900	505	-3.35032E-05	6.248013E-06
900	505.25	-4.22478E-05	4.269047E-06
900	505.5	-4.077843E-05	4.218826E-06
900	505.75	-5.249762E-05	4.122554E-06
900	506	-4.260618E-05	4.742057E-06
900	506.25	-4.701432E-05	4.729763E-06
900	506.5	-4.224779E-05	4.717708E-06
900	506.75	-4.217611E-05	2.952009E-06
900	507	-4.973803E-05	3.437654E-06
900	507.25	-4.271369E-05	3.460886E-06
900	507.5	-4.414722E-05	4.938681E-06
900	507.75	-4.031249E-05	3.046998E-06
900	508	-3.816219E-05	3.805637E-06
900	508.25	-4.439808E-05	3.376667E-06
900	508.5	-4.178186E-05	6.21739E-06
900	508.75	-3.766045E-05	3.981694E-06
900	509	-4.178187E-05	3.747841E-06
900	509.25	-4.102925E-05	3.817803E-06
900	509.5	-3.80905E-05	3.889003E-06
900	509.75	-3.594018E-05	8.11112E-06
900	510	-4.16385E-05	5.696715E-06
900	510.25	-4.221192E-05	4.417108E-06
900	510.5	-3.733789E-05	4.458544E-06
900	510.75	-5.289176E-05	5.640483E-06
900	511	-4.020495E-05	4.589516E-06
900	511.25	-4.278532E-05	5.529019E-06
900	511.5	-4.400382E-05	4.313604E-06
900	511.75	-4.282115E-05	4.132127E-06
900	512	-3.966736E-05	4.490436E-06
900	512.25	-3.558177E-05	5.231229E-06
900	512.5	-3.948816E-05	4.094725E-06
900	512.75	-3.99899E-05	3.924233E-06
900	513	-3.823381E-05	6.281642E-06
900	513.25	-3.640604E-05	5.215229E-06
900	513.5	-5.597383E-05	4.589436E-06
900	513.75	-4.142343E-05	4.820874E-06
900	514	-4.206851E-05	4.961435E-06
900	514.25	-4.389627E-05	4.490544E-06
900	514.5	-5.142233E-05	6.789574E-06
900	514.75	-4.547315E-05	3.824129E-06
900	515	-4.651246E-05	4.994003E-06
900	515.25	-4.188931E-05	3.001741E-06
900	515.5	-4.378875E-05	5.449904E-06
900	515.75	-4.128004E-05	4.873206E-06
900	516	-5.074138E-05	4.158286E-06
900	516.25	-4.755176E-05	4.623342E-06
900	516.5	-4.593901E-05	4.167986E-06
900	516.75	-3.149613E-05	4.772329E-06
900	517	-3.468576E-05	3.984391E-06
900	517.25	-4.970205E-05	5.058917E-06
900	517.5	-4.540145E-05	3.04493E-06
900	517.75	-4.063493E-05	6.317123E-06
900	518	-5.01321E-05	5.395251E-06
900	518.25	-4.615404E-05	3.998138E-06
900	518.5	-4.644073E-05	5.48316E-06
900	518.75	-4.124417E-05	4.530026E-06
900	519	-3.72661E-05	4.864863E-06
900	519.25	-4.15667E-05	5.93969E-06
900	519.5	-4.991704E-05	5.887103E-06
900	519.75	-3.719441E-05	5.651985E-06
900	520	-4.701414E-05	5.310389E-06
900	520.25	-4.432624E-05	4.172551E-06
900	520.5	-3.343138E-05	5.447656E-06
900	520.75	-3.930887E-05	3.933197E-06
900	521	-2.870072E-05	4.18442E-06
900	521.25	-3.69077E-05	2.967188E-06
900	521.5	-3.246374E-05	3.450673E-06
900	521.75	-4.819678E-05	4.243246E-06
900	522	-3.543832E-05	3.780962E-06
900	522.25	-4.049154E-05	3.957072E-06
900	522.5	-4.22476E-05	6.693273E-06
900	522.75	-3.830539E-05	4.137502E-06
900	523	-4.42904E-05	2.978253E-06
900	523.25	-4.328692E-05	4.42863E-06
900	523.5	-4.328692E-05	5.364728E-06
900	523.75	-3.128107E-05	4.115279E-06
900	524	-4.224761E-05	4.112122E-06
900	524.25	-3.998979E-05	3.76591E-06
900	524.5	-4.049153E-05	5.302613E-06
900	524.75	-4.153084E-05	6.03419E-06
900	525	-3.783949E-05	4.991093E-06
900	590	-4.56881E-05	4.635835E-06
900	590.25	-3.092269E-05	4.479877E-06
900	590.5	-3.325218E-05	6.477933E-06
900	590.75	-3.830539E-05	6.85898E-06
900	591	-2.300241E-05	5.149418E-06
900	591.25	-3.637012E-05	4.434861E-06
900	591.5	-2.608451E-05	5.418711E-06
900	591.75	-3.809037E-05	5.617704E-06
900	592	-4.486383E-05	5.156979E-06
900	592.25	-1.949024E-05	3.963398E-06
900	592.5	-3.045679E-05	5.123036E-06
900	592.75	-2.948917E-05	4.322568E-06
900	593	-3.371809E-05	3.674323E-06
900	593.25	-3.898633E-05	5.690986E-06
900	593.5	-3.418398E-05	6.763152E-06
900	593.75	-2.314574E-05	5.449823E-06
900	594	-3.120939E-05	5.812082E-06
900	594.25	-3.69077E-05	4.710713E-06
900	594.5	-3.278629E-05	4.226009E-06
900	594.75	-3.092269E-05	5.910474E-06
900	595	-3.346722E-05	5.382708E-06
900	595.25	-4.020483E-05	4.823691E-06
900	595.5	-2.766139E-05	6.269715E-06
900	595.75	-3.561751E-05	4.008152E-06
900	596	-4.228346E-05	6.227096E-06
900	596.25	-2.784059E-05	5.159874E-06
900	596.5	-3.873544E-05	5.115006E-06
900	596.75	-3.206951E-05	4.571933E-06
900	597	-3.264293E-05	2.742488E-06
900	597.25	-3.705105E-05	3.629598E-06
900	597.5	-3.683601E-05	4.608557E-06
900	597.75	-2.891573E-05	3.225453E-06
900	598	-3.547415E-05	5.823193E-06
900	598.25	-3.873544E-05	2.911866E-06
900	598.5	-4.059903E-05	5.078366E-06
900	598.75	-3.615507E-05	4.335092E-06
900	599	-3.203366E-05	6.145432E-06
900	599.25	-3.038509E-05	5.572991E-06
900	599.5	-3.490073E-05	4.599892E-06
900	599.75	-3.669264E-05	3.825091E-06
900	600	-3.045677E-05	4.841112E-06
900	600.25	-4.536552E-05	6.186336E-06
900	600.5	-3.916548E-05	4.994034E-06
900	600.75	-2.78764E-05	3.780094E-06
900	601	-3.067178E-05	6.254327E-06
900	601.25	-2.991918E-05	5.721005E-06
900	601.5	-3.651343E-05	4.64647E-06
900	601.75	-3.9273E-05	2.545869E-06
900	602	-3.049258E-05	5.313202E-06
900	602.25	-4.386029E-05	4.96941E-06
900	602.5	-3.880708E-05	3.828817E-06
900	602.75	-3.637007E-05	5.251673E-06
900	603	-3.798279E-05	4.481909E-06
900	603.25	-1.992026E-05	5.47535E-06
900	603.5	-3.848453E-05	5.542185E-06
900	603.75	-3.45423E-05	4.387459E-06
900	604	-3.823366E-05	4.942572E-06
900	604.25	-3.382554E-05	4.960067E-06
900	604.5	-4.332268E-05	5.161244E-06
900	604.75	-3.984637E-05	5.091089E-06
900	605	-4.016891E-05	6.250052E-06
900	605.25	-3.52949E-05	5.066572E-06
900	605.5	-3.461397E-05	5.156748E-06
900	605.75	-2.751798E-05	5.582773E-06
900	606	-3.131684E-05	4.275472E-06
900	606.25	-3.160355E-05	3.771376E-06
900	606.5	-3.730184E-05	4.990299E-06
900	606.75	-3.719431E-05	4.701864E-06
900	607	-3.432725E-05	5.331857E-06
900	607.25	-3.135268E-05	4.377216E-06
900	607.5	-2.89515E-05	4.621813E-06
900	607.75	-2.92382E-05	3.702906E-06
900	608	-4.120819E-05	5.267254E-06
900	608.25	-4.296427E-05	2.741024E-06
900	608.5	-3.676424E-05	5.413612E-06
900	608.75	-3.62625E-05	4.313319E-06
900	609	-2.246475E-05	4.521737E-06
900	609.25	-4.16024E-05	4.749366E-06
900	609.5	-4.113651E-05	4.119135E-06
900	609.75	-4.690645E-05	3.823309E-06
900	610	-3.662087E-05	4.464628E-06
900	610.25	-3.66567E-05	5.278347E-06
900	610.5	-3.361045E-05	3.139573E-06
900	610.75	-3.214108E-05	3.468545E-06
900	611	-2.755376E-05	4.010489E-06
900	611.25	-3.389714E-05	5.643326E-06
900	611.5	-3.525901E-05	4.167474E-06
900	611.75	-3.887866E-05	4.326002E-06
900	612	-3.654917E-05	3.539107E-06
900	612.25	-4.049137E-05	6.278236E-06
900	612.5	-2.977573E-05	4.909783E-06
900	612.75	-2.612023E-05	4.379997E-06
900	613	-3.633412E-05	4.42005E-06
900	613.25	-3.389713E-05	5.645962E-06
900	613.5	-2.859304E-05	6.894668E-06
900	613.75	-2.8163E-05	5.302447E-06
900	614	-2.5726E-05	5.204656E-06
900	614.25	-2.504507E-05	4.881242E-06
900	614.5	-3.271446E-05	5.07326E-06
900	614.75	-2.554681E-05	5.491054E-06
900	615	-2.414911E-05	5.813839E-06
900	615.25	-4.009712E-05	4.844366E-06
900	615.5	-3.307283E-05	6.160159E-06
900	615.75	-3.626243E-05	3.52725E-06
900	616	-3.604739E-05	3.374571E-06
900	616.25	-4.11006E-05	3.711829E-06
900	616.5	-3.712255E-05	4.298066E-06
900	616.75	-2.90231E-05	3.505213E-06
900	617	-3.271444E-05	5.471068E-06
900	617.25	-3.22127E-05	4.624396E-06
900	617.5	-3.68E-05	3.51369E-06
900	617.75	-3.149593E-05	6.55494E-06
900	618	-3.253524E-05	5.063106E-06
900	618.25	-3.120924E-05	4.401282E-06
900	618.5	-2.400575E-05	3.873827E-06
900	618.75	-2.296644E-05	4.975338E-06
900	619	-2.884392E-05	4.38896E-06
900	619.25	-3.368208E-05	5.963259E-06
900	619.5	-3.852024E-05	6.474973E-06
900	619.75	-3.178265E-05	3.916947E-06
900	620	-3.69792E-05	3.943346E-06
900	620.25	-2.737454E-05	3.934433E-06
900	620.5	-3.411213E-05	5.246057E-06
900	620.75	-2.536761E-05	3.444802E-06
900	621	-3.593989E-05	5.397738E-06
900	621.25	-2.977572E-05	5.445762E-06
900	621.5	-3.400462E-05	7.800319E-06
900	621.75	-3.636995E-05	4.130304E-06
900	622	-4.099309E-05	6.813048E-06
900	622.25	-3.507978E-05	3.807671E-06
900	622.5	-3.214105E-05	3.830727E-06
900	622.75	-2.948902E-05	3.054041E-06
900	623	-3.898615E-05	3.881171E-06
900	623.25	-3.672835E-05	5.529876E-06
900	623.5	-3.128093E-05	5.561169E-06
900	623.75	-3.15318E-05	4.11693E-06
900	624	-3.93087E-05	5.728692E-06
900	624.25	-2.457918E-05	3.760683E-06
900	624.5	-3.350291E-05	6.200699E-06
900	624.75	-3.185434E-05	3.832254E-06
900	625	-3.375377E-05	4.755443E-06
900	625.25	-3.249942E-05	7.951547E-06
900	625.5	-3.045665E-05	3.417896E-06
900	625.75	-3.074335E-05	4.592207E-06
900	626	-3.439885E-05	5.072939E-06
900	626.25	-2.866474E-05	4.784909E-06
900	626.5	-2.963237E-05	4.505352E-06
900	626.75	-3.045665E-05	3.201193E-06
900	627	-3.325202E-05	5.109196E-06
900	627.25	-3.368209E-05	3.795829E-06
900	627.5	-3.701504E-05	3.490463E-06
900	627.75	-3.443469E-05	3.038159E-06
900	628	-3.300115E-05	5.673634E-06
900	628.25	-3.117339E-05	6.203172E-06
900	628.5	-3.278613E-05	5.065828E-06
900	628.75	-3.672833E-05	4.867482E-06
900	629	-3.651329E-05	5.188476E-06
900	629.25	-4.024047E-05	5.183139E-06
900	629.5	-3.733757E-05	5.122444E-06
900	629.75	-3.769596E-05	3.595313E-06
900	630	-2.389824E-05	4.870002E-06
900	630.25	-2.515257E-05	3.720067E-06
900	630.5	-3.826936E-05	5.822963E-06
900	630.75	-4.299999E-05	4.216997E-06
900	631	-3.841272E-05	4.674169E-06
900	631.25	-3.823352E-05	3.963775E-06
900	631.5	-3.20335E-05	6.360059E-06
900	631.75	-3.3252E-05	5.44373E-06
900	632	-4.00971E-05	4.190092E-06
900	632.25	-2.647858E-05	5.15932E-06
900	632.5	-4.160229E-05	4.043828E-06
900	632.75	-3.930865E-05	2.913396E-06
900	633	-3.024158E-05	3.893411E-06
900	633.25	-3.12092E-05	4.658955E-06
900	633.5	-2.984735E-05	3.875831E-06
900	633.75	-3.912945E-05	4.612049E-06
900	634	-3.418378E-05	4.025382E-06
900	634.25	-4.575951E-05	5.571914E-06
900	634.5	-3.511556E-05	3.540955E-06
900	634.75	-3.644157E-05	3.564554E-06
900	635	-2.956064E-05	4.128986E-06
900	645	-3.543809E-05	5.544906E-06
900	645.25	-3.515139E-05	4.204709E-06
900	645.5	-3.006237E-05	3.776354E-06
900	645.75	-3.877104E-05	3.265538E-06
900	646	-4.067047E-05	4.449423E-06
900	646.25	-3.454213E-05	4.405635E-06
900	646.5	-3.364618E-05	4.522322E-06
900	646.75	-3.210514E-05	4.307014E-06
900	647	-3.235599E-05	4.036159E-06
900	647.25	-2.816293E-05	4.727426E-06
900	647.5	-3.920109E-05	5.36874E-06
900	647.75	-4.024038E-05	5.763015E-06
900	648	-3.540223E-05	4.303897E-06
900	648.25	-2.730281E-05	4.102405E-06
900	648.5	-3.855599E-05	5.251321E-06
900	648.75	-2.715945E-05	4.073272E-06
900	649	-2.57976E-05	4.674297E-06
900	649.25	-2.242881E-05	3.549225E-06
900	649.5	-4.102881E-05	4.657275E-06
900	649.75	-3.006232E-05	4.35646E-06
900	650	-3.533054E-05	4.284154E-06
900	650.25	-3.730163E-05	2.862668E-06
900	650.5	-3.902187E-05	4.295481E-06
900	650.75	-3.19259E-05	5.136928E-06
900	651	-3.016984E-05	5.822227E-06
900	651.25	-2.72311E-05	3.672277E-06
900	651.5	-3.855596E-05	4.491253E-06
900	651.75	-3.679988E-05	5.882542E-06
900	652	-2.852128E-05	3.597863E-06
900	652.25	-3.766E-05	5.468734E-06
900	652.5	-3.203342E-05	2.850303E-06
900	652.75	-4.084959E-05	5.900331E-06
900	653	-3.751665E-05	3.876064E-06
900	653.25	-3.192589E-05	6.18909E-06
900	653.5	-4.730045E-05	4.173805E-06
900	653.75	-3.543802E-05	5.309841E-06
900	654	-2.963226E-05	2.873415E-06
900	654.25	-3.067155E-05	4.875377E-06
900	654.5	-3.418368E-05	5.879479E-06
900	654.75	-3.267849E-05	5.382445E-06
900	655	-3.206924E-05	3.36694E-06
900	655.25	-4.203224E-05	3.696485E-06
900	655.5	-2.94889E-05	3.750563E-06
900	655.75	-3.507965E-05	5.671038E-06
900	656	-4.231895E-05	3.224436E-06
900	656.25	-3.515133E-05	5.121134E-06
900	656.5	-3.916519E-05	5.390619E-06
900	656.75	-3.267849E-05	3.524973E-06
900	657	-3.97386E-05	4.280102E-06
900	657.25	-3.29652E-05	5.210698E-06
900	657.5	-3.443456E-05	3.673248E-06
900	657.75	-3.253514E-05	3.626859E-06
900	658	-2.920219E-05	4.678064E-06
900	658.25	-4.271318E-05	5.477025E-06
900	658.5	-3.622647E-05	5.016201E-06
900	658.75	-3.995364E-05	4.710788E-06
900	659	-3.64415E-05	3.684614E-06
900	659.25	-3.095827E-05	3.995912E-06
900	659.5	-2.9023E-05	6.872334E-06
900	659.75	-3.543803E-05	6.068357E-06
900	660	-3.826925E-05	5.003212E-06
900	660.25	-3.375365E-05	4.793759E-06
900	660.5	-3.690741E-05	5.299806E-06
900	660.75	-4.411088E-05	3.190557E-06
900	661	-3.647735E-05	4.20338E-06
900	661.25	-3.780337E-05	4.572249E-06
900	661.5	-3.185424E-05	3.675871E-06
900	661.75	-3.812593E-05	2.821293E-06
900	662	-3.579644E-05	4.817459E-06
900	662.25	-3.533054E-05	4.808964E-06
900	662.5	-2.920221E-05	4.030105E-06
900	662.75	-4.203228E-05	4.028193E-06
900	663	-3.812592E-05	5.050837E-06
900	663.25	-3.912938E-05	4.150354E-06
900	663.5	-3.54739E-05	4.080202E-06
900	663.75	-3.282188E-05	5.090521E-06
900	664	-2.540338E-05	4.199084E-06
900	664.25	-3.493633E-05	3.867313E-06
900	664.5	-3.335946E-05	3.851042E-06
900	664.75	-3.758835E-05	5.23909E-06
900	665	-3.027737E-05	2.347179E-06
900	665.25	-4.640455E-05	3.734475E-06
900	665.5	-2.837795E-05	6.048694E-06
900	665.75	-3.092246E-05	5.191671E-06
900	666	-2.303806E-05	5.437491E-06
900	666.25	-3.53664E-05	4.871092E-06
900	666.5	-2.827044E-05	4.547574E-06
900	666.75	-3.318026E-05	5.071943E-06
900	667	-3.034905E-05	4.628291E-06
900	667.25	-3.3682E-05	4.947039E-06
900	667.5	-4.041958E-05	4.459128E-06
900	667.75	-3.783922E-05	4.445104E-06
900	668	-3.662072E-05	3.283122E-06
900	668.25	-2.57976E-05	5.696806E-06
900	668.5	-4.500686E-05	4.898028E-06
900	668.75	-2.33606E-05	5.729754E-06
900	669	-3.887852E-05	5.150591E-06
900	669.25	-3.386119E-05	4.265544E-06
900	669.5	-3.457795E-05	5.214791E-06
900	669.75	-4.088545E-05	4.110778E-06
900	670	-4.09213E-05	4.649824E-06
900	670.25	-3.006234E-05	3.200383E-06
900	670.5	-4.067043E-05	4.809617E-06
900	670.75	-3.393287E-05	5.010042E-06
900	671	-3.963112E-05	4.740806E-06
900	671.25	-3.2571E-05	4.072657E-06
900	671.5	-3.439874E-05	4.644618E-06
900	671.75	-4.124383E-05	3.990946E-06
900	672	-4.02762E-05	4.560497E-06
900	672.25	-4.325077E-05	5.852919E-06
900	672.5	-3.328776E-05	3.809441E-06
900	672.75	-3.690741E-05	6.23056E-06
900	673	-2.934556E-05	6.207656E-06
900	673.25	-3.518718E-05	3.992697E-06
900	673.5	-3.002648E-05	5.676975E-06
900	673.75	-3.973861E-05	7.807321E-06
900	674	-2.250046E-05	4.759717E-06
900	674.25	-4.041953E-05	5.029767E-06
900	674.5	-2.687273E-05	5.243703E-06
900	674.75	-2.461492E-05	3.026195E-06
900	675	-3.138832E-05	5.751709E-06
900	675.25	-3.69074E-05	4.026048E-06
900	675.5	-2.852127E-05	4.650451E-06
900	675.75	-3.117329E-05	4.110793E-06
900	676	-3.690739E-05	3.686066E-06
900	676.25	-3.239178E-05	5.673465E-06
900	676.5	-3.472126E-05	4.916721E-06
900	676.75	-2.741028E-05	5.742644E-06
900	677	-3.418369E-05	3.943714E-06
900	677.25	-3.386114E-05	4.056363E-06
900	677.5	-3.292935E-05	4.629473E-06
900	677.75	-2.784034E-05	4.149767E-06
900	678	-3.153167E-05	5.208693E-06
900	678.25	-3.074322E-05	5.257805E-06
900	678.5	-2.572588E-05	3.822677E-06
900	678.75	-3.224842E-05	4.524317E-06
900	679	-2.31097E-05	4.745331E-06
900	679.25	-2.991894E-05	4.239867E-06
900	679.5	-3.952355E-05	3.303269E-06
900	679.75	-2.945304E-05	6.001907E-06
900	680	-3.181836E-05	3.843562E-06
900	680.25	-3.511546E-05	4.143605E-06
900	680.5	-3.01698E-05	3.937484E-06
900	680.75	-3.325186E-05	4.020723E-06
900	681	-2.482991E-05	4.578994E-06
900	681.25	-2.196287E-05	3.563945E-06
900	681.5	-2.382645E-05	4.650891E-06
900	681.75	-2.264379E-05	2.051033E-06
900	682	-3.805417E-05	4.563041E-06
900	682.25	-3.687151E-05	4.955689E-06
900	682.5	-2.067269E-05	4.964107E-06
900	682.75	-2.683684E-05	3.807843E-06
900	683	-1.798483E-05	4.583357E-06
900	683.25	-2.569002E-05	6.253872E-06
900	683.5	-2.640678E-05	3.863244E-06
900	683.75	-1.891663E-05	5.313165E-06
900	684	-2.192702E-05	6.434791E-06
900	684.25	-2.72669E-05	3.390758E-06
900	684.5	-3.106574E-05	4.608058E-06
900	684.75	-3.020562E-05	4.498469E-06
900	685	-2.343222E-05	3.947002E-06
900	685.25	-2.371893E-05	2.910986E-06
900	685.5	-2.984725E-05	4.849148E-06
900	685.75	-3.124492E-05	4.469076E-06
900	686	-3.214089E-05	4.613551E-06
900	686.25	-2.543916E-05	4.995956E-06
900	686.5	-3.271429E-05	3.287634E-06
900	686.75	-2.733858E-05	4.267796E-06
900	687	-2.809118E-05	4.878212E-06
900	687.25	-2.887962E-05	4.626633E-06
900	687.5	-3.077905E-05	5.001582E-06
900	687.75	-2.482992E-05	4.120845E-06
900	688	-2.855708E-05	5.47268E-06
900	688.25	-3.461373E-05	4.497552E-06
900	688.5	-3.113742E-05	4.640907E-06
900	688.75	-3.482875E-05	4.857602E-06
900	689	-2.798367E-05	4.305878E-06
900	689.25	-2.859293E-05	3.058326E-06
900	689.5	-3.325188E-05	4.967096E-06
900	689.75	-2.590507E-05	5.668217E-06
900	690	-3.239177E-05	5.168537E-06
900	690.25	-2.991894E-05	4.068867E-06
900	690.5	-2.554668E-05	4.995358E-06
900	690.75	-3.479292E-05	5.711494E-06
900	691	-2.819871E-05	5.111663E-06
900	691.25	-2.848543E-05	3.847739E-06
900	691.5	-3.80542E-05	4.142574E-06
900	691.75	-3.389699E-05	3.440004E-06
900	692	-3.353861E-05	4.575631E-06
900	692.25	-2.966809E-05	3.843861E-06
900	692.5	-2.866462E-05	5.792341E-06
900	692.75	-3.46496E-05	3.787311E-06
900	693	-3.32519E-05	5.047512E-06
900	693.25	-3.332358E-05	5.507504E-06
900	693.5	-3.085075E-05	4.715542E-06
900	693.75	-3.515132E-05	4.185635E-06
900	694	-2.321722E-05	4.967012E-06
900	694.25	-3.106578E-05	5.284515E-06
900	694.5	-2.859295E-05	2.910695E-06
900	694.75	-3.17467E-05	4.701265E-06
900	695	-3.751665E-05	4.713528E-06
900	830	-1.819987E-05	5.472076E-06
900	830.25	-1.877329E-05	5.08578E-06
900	830.5	-2.970393E-05	3.867807E-06
900	830.75	-3.271434E-05	4.872039E-06
900	831	-2.382647E-05	4.539669E-06
900	831.25	-3.357445E-05	4.438289E-06
900	831.5	-3.708658E-05	3.531607E-06
900	831.75	-3.482879E-05	2.995124E-06
900	832	-3.665652E-05	4.737144E-06
900	832.25	-3.973861E-05	3.113979E-06
900	832.5	-3.429121E-05	4.336743E-06
900	832.75	-3.11733E-05	3.795986E-06
900	833	-2.361144E-05	5.272202E-06
900	833.25	-3.059987E-05	4.842617E-06
900	833.5	-1.927503E-05	4.702874E-06
900	833.75	-1.217908E-05	3.47558E-06
900	834	1.340938E-05	4.45172E-06
900	834.25	2.745797E-05	4.070392E-06
900	834.5	4.548461E-05	4.436198E-06
900	834.75	5.903148E-05	5.111768E-06
900	835	3.903372E-05	4.550659E-06
900	835.25	2.49493E-05	5.053979E-06
900	835.5	1.129493E-05	3.797873E-06
900	835.75	-7.269247E-06	4.056364E-06
900	836	-9.742081E-06	4.21648E-06
900	836.25	-2.701605E-05	5.539541E-06
900	836.5	-2.296634E-05	4.782759E-06
900	836.75	-2.877212E-05	5.924842E-06
900	837	-4.292817E-05	3.855499E-06
900	837.25	-4.357327E-05	3.30545E-06
900	837.5	-3.51513E-05	4.77764E-06
900	837.75	-4.396748E-05	5.711093E-06
900	838	-4.482758E-05	5.168273E-06
900	838.25	-3.629811E-05	6.674693E-06
900	838.5	-4.665533E-05	4.666452E-06
900	838.75	-4.855474E-05	5.131069E-06
900	839	-5.436052E-05	4.6189E-06
900	839.25	-4.357326E-05	5.156289E-06
900	839.5	-4.561601E-05	4.3487E-06
900	839.75	-3.662066E-05	3.033281E-06
900	840	-4.088538E-05	4.704705E-06
900	840.25	-3.32877E-05	4.450535E-06
900	840.5	-3.153163E-05	5.83641E-06
900	840.75	-6.516639E-06	2.910055E-06
900	841	2.442894E-06	3.467194E-06
900	841.25	7.675258E-06	2.931487E-06
900	841.5	-2.135361E-05	3.875488E-06
900	841.75	-4.292815E-05	4.516817E-06
900	842	-2.96322E-05	4.871695E-06
900	842.25	-4.110039E-05	6.297053E-06
900	842.5	-4.568767E-05	4.16699E-06
900	842.75	-4.153045E-05	4.094352E-06
900	843	-5.572232E-05	4.144583E-06
900	843.25	-4.841136E-05	4.660299E-06
900	843.5	-4.945065E-05	3.058206E-06
900	843.75	-5.14576E-05	4.318551E-06
900	844	-4.321482E-05	5.414648E-06
900	844.25	-5.901942E-05	3.958247E-06
900	844.5	-5.299861E-05	5.341636E-06
900	844.75	-4.841135E-05	3.906021E-06
900	845	-5.14934E-05	4.254059E-06
900	845.25	-5.152924E-05	3.605126E-06
900	845.5	-4.497088E-05	3.609221E-06
900	845.75	-5.314197E-05	4.033531E-06
900	846	-4.769457E-05	3.27358E-06
900	846.25	-5.084833E-05	4.798318E-06
900	846.5	-4.400325E-05	3.968831E-06
900	846.75	-5.715581E-05	4.811711E-06
900	847	-4.790961E-05	5.174574E-06
900	847.25	-4.902058E-05	5.14022E-06
900	847.5	-5.396625E-05	5.158097E-06
900	847.75	-4.848301E-05	4.882519E-06
900	848	-4.909228E-05	5.578436E-06
900	848.25	-5.633155E-05	3.210481E-06
900	848.5	-4.020443E-05	3.549759E-06
900	848.75	-5.722751E-05	4.275659E-06
900	849	-5.074082E-05	4.375883E-06
900	849.25	-5.178013E-05	5.684451E-06
900	849.5	-4.694197E-05	4.23154E-06
900	849.75	-6.048877E-05	4.507784E-06
900	850	-4.672696E-05	4.834054E-06
900	850.25	-5.848186E-05	4.23257E-06
900	850.5	-4.876974E-05	4.901731E-06
900	850.75	-5.077665E-05	5.757426E-06
900	851	-4.823218E-05	6.075481E-06
900	851.25	-4.597438E-05	3.836034E-06
900	851.5	-4.722872E-05	5.113962E-06
900	851.75	-5.855353E-05	5.045991E-06
900	852	-4.149462E-05	4.736748E-06
900	852.25	-4.307149E-05	5.047039E-06
900	852.5	-5.364373E-05	3.705985E-06
900	852.75	-5.052581E-05	3.960176E-06
900	853	-5.228188E-05	3.885289E-06
900	853.25	-5.231773E-05	4.419402E-06
900	853.5	-4.507844E-05	4.24471E-06
900	853.75	-4.905646E-05	4.770521E-06
900	854	-4.457671E-05	4.362167E-06
900	854.25	-5.199519E-05	4.428306E-06
900	854.5	-5.461138E-05	4.869456E-06
900	854.75	-4.988076E-05	5.200767E-06
900	855	-5.199521E-05	3.874091E-06
900	855.25	-5.32137E-05	6.296886E-06
900	855.5	-4.998827E-05	3.763797E-06
900	855.75	-4.798135E-05	5.627307E-06
900	856	-4.256979E-05	5.082264E-06
900	856.25	-4.780217E-05	4.517641E-06
900	856.5	-4.862644E-05	3.546827E-06
900	856.75	-5.059754E-05	5.145319E-06
900	857	-5.898367E-05	3.304932E-06
900	857.25	-4.611776E-05	4.441484E-06
900	857.5	-4.694203E-05	4.16372E-06
900	857.75	-5.242528E-05	3.668951E-06
900	858	-4.615361E-05	4.327369E-06
900	858.25	-4.966575E-05	4.093781E-06
900	858.5	-5.382297E-05	3.663288E-06
900	858.75	-4.690623E-05	5.497946E-06
900	859	-4.952242E-05	3.963387E-06
900	859.25	-5.081258E-05	3.8106E-06
900	859.5	-5.142183E-05	5.102232E-06
900	859.75	-5.142183E-05	4.137006E-06
900	860	-4.801719E-05	5.416458E-06
900	860.25	-4.927154E-05	3.297107E-06
900	860.5	-4.443339E-05	3.791396E-06
900	860.75	-4.629698E-05	5.432836E-06
900	861	-4.554437E-05	4.268299E-06
900	861.25	-4.486345E-05	3.352073E-06
900	861.5	-5.733512E-05	5.370699E-06
900	861.75	-4.002531E-05	4.574103E-06
900	862	-4.597443E-05	5.275459E-06
900	862.25	-4.142299E-05	4.198537E-06
900	862.5	-5.260448E-05	5.001712E-06
900	862.75	-5.038251E-05	4.327139E-06
900	863	-5.45039E-05	4.508107E-06
900	863.25	-4.626113E-05	4.35595E-06
900	863.5	-4.866229E-05	5.097125E-06
900	863.75	-5.095594E-05	4.428293E-06
900	864	-4.167385E-05	3.975214E-06
900	864.25	-5.199521E-05	4.481563E-06
900	864.5	-4.199639E-05	4.1704E-06
900	864.75	-5.124261E-05	3.750047E-06
900	865	-4.346576E-05	4.870352E-06
900	865.25	-4.626112E-05	4.492013E-06
900	865.5	-4.063454E-05	4.952379E-06
900	865.75	-5.615244E-05	5.414152E-06
900	866	-4.464839E-05	4.975003E-06
900	866.25	-4.446921E-05	4.320652E-06
900	866.5	-5.170851E-05	4.801564E-06
900	866.75	-4.231893E-05	3.878362E-06
900	867	-4.601025E-05	4.186247E-06
900	867.25	-3.855593E-05	4.27568E-06
900	867.5	-3.712239E-05	2.691174E-06
900	867.75	-4.540101E-05	3.327438E-06
900	868	-3.712239E-05	5.642994E-06
900	868.25	-3.232008E-05	4.406694E-06
900	868.5	-4.461256E-05	3.432402E-06
900	868.75	-4.049116E-05	5.378475E-06
900	869	-4.296399E-05	4.465995E-06
900	869.25	-5.195936E-05	4.212294E-06
900	869.5	-3.636977E-05	3.356325E-06
900	869.75	-4.317901E-05	4.847013E-06
900	870	-4.661947E-05	5.26099E-06
900	870.25	-3.396863E-05	4.343234E-06
900	870.5	-3.497208E-05	3.662915E-06
900	870.75	-3.357441E-05	4.362494E-06
900	871	-3.572469E-05	3.462206E-06
900	871.25	-4.558015E-05	3.181414E-06
900	871.5	-3.841254E-05	3.297234E-06
900	871.75	-3.006227E-05	3.937336E-06
900	872	-3.002643E-05	3.985734E-06
900	872.25	-3.199751E-05	3.88119E-06
900	872.5	-2.877209E-05	4.384062E-06
900	872.75	-2.837787E-05	4.21695E-06
900	873	-4.16738E-05	4.946795E-06
900	873.25	-2.848538E-05	3.671397E-06
900	873.5	-3.798248E-05	3.337178E-06
900	873.75	-3.482873E-05	4.533058E-06
900	874	-3.239172E-05	4.939172E-06
900	874.25	-2.665764E-05	4.308261E-06
900	874.5	-2.253626E-05	2.624268E-06
900	874.75	-2.232124E-05	3.407133E-06
900	875	-3.830501E-05	5.293777E-06
900	875.25	-2.622757E-05	4.801618E-06
900	875.5	-2.4364E-05	3.793122E-06
900	875.75	-2.189117E-05	3.227793E-06
900	876	-1.913163E-05	4.734185E-06
900	876.25	-2.884375E-05	3.669199E-06
900	876.5	-2.38981E-05	4.175117E-06
900	876.75	-1.941834E-05	3.819741E-06
900	877	-2.207035E-05	5.470137E-06
900	877.25	-1.694552E-05	3.849791E-06
900	877.5	-2.264377E-05	5.307079E-06
900	877.75	-2.597671E-05	4.404731E-06
900	878	-1.594205E-05	3.155628E-06
900	878.25	-1.579869E-05	4.541284E-06
900	878.5	-2.382642E-05	5.312977E-06
900	878.75	-2.03143E-05	5.156978E-06
900	879	-9.347834E-06	5.434777E-06
900	879.25	-2.681951E-06	4.2695E-06
900	879.5	4.629036E-06	5.500894E-06
900	879.75	1.107991E-05	6.092017E-06
900	880	1.670648E-05	3.962872E-06
900	880.25	3.47331E-05	4.252886E-06
900	880.5	4.810077E-05	4.435358E-06
900	880.75	8.702106E-05	4.244405E-06
900	881	0.0001246512	4.53737E-06
900	881.25	0.0001709542	2.521499E-06
900	881.5	0.0002120248	3.850956E-06
900	881.75	0.000230589	3.351359E-06
900	882	0.0002211636	4.221345E-06
900	882.25	0.0002144976	4.002952E-06
900	882.5	0.0002501208	4.866791E-06
900	882.75	0.0002537048	6.244613E-06
900	883	0.0002267902	2.783693E-06
900	883.25	0.0002106271	3.554013E-06
900	883.5	0.0001742156	5.601642E-06
900	883.75	0.0001528918	5.401635E-06
900	884	0.0001314964	3.591461E-06
900	884.25	9.759342E-05	3.061788E-06
900	884.5	8.304306E-05	5.020339E-06
900	884.75	6.369042E-05	4.756761E-06
900	885	4.921176E-05	4.762321E-06
900	885.25	2.885565E-05	4.82846E-06
900	885.5	3.129264E-05	2.596424E-06
900	885.75	3.193773E-05	3.863814E-06
900	886	2.735044E-05	3.260296E-06
900	886.25	2.175968E-05	3.735858E-06
900	886.5	1.104405E-05	3.85271E-06
900	886.75	1.233423E-05	3.302368E-06
900	887	1.654456E-06	3.642489E-06
900	887.25	8.069482E-06	3.237866E-06
900	887.5	-2.968656E-06	6.030035E-06
900	887.75	4.73654E-06	4.456088E-06
900	888	-3.327048E-06	4.190086E-06
900	888.25	5.076326E-07	4.377573E-06
900	888.5	-7.806823E-06	2.849149E-06
900	888.75	-1.49386E-05	4.257102E-06
900	889	-7.19756E-06	5.19105E-06
900	889.25	-1.526114E-05	4.55666E-06
900	889.5	-2.070855E-05	3.546063E-06
900	889.75	-1.590623E-05	5.369505E-06
900	890	-8.666928E-06	4.294367E-06
900	890.25	-1.848658E-05	3.737374E-06
900	890.5	-1.379177E-05	4.250929E-06
900	890.75	-1.185652E-05	4.1841E-06
900	891	-1.332589E-05	4.063991E-06
900	891.25	-9.204503E-06	3.838511E-06
900	891.5	-1.619294E-05	3.727872E-06
900	891.75	-9.742074E-06	3.093286E-06
900	892	-1.23941E-05	3.846958E-06
900	892.25	-6.158259E-06	4.446642E-06
900	892.5	-1.895247E-05	3.318397E-06
900	892.75	-2.144379E-06	5.13915E-06
900	893	-2.753631E-06	5.393185E-06
900	893.25	8.66016E-07	4.255041E-06
900	893.5	1.434116E-05	1.871572E-06
900	893.75	2.158049E-05	4.028378E-06
900	894	3.401636E-05	5.656741E-06
900	894.25	4.028804E-05	4.386471E-06
900	894.5	6.659331E-05	3.61552E-06
900	894.75	9.218181E-05	5.335593E-06
900	895	0.0001229668	2.854738E-06
900	895.25	0.0001580883	4.060665E-06
900	895.5	0.0001699507	3.005572E-06
900	895.75	0.0001496305	3.302544E-06
900	896	0.0001236119	3.10552E-06
900	896.25	0.0001031483	4.258773E-06
900	896.5	7.591123E-05	4.106758E-06
900	896.75	5.394239E-05	3.895758E-06
900	897	3.949959E-05	3.877012E-06
900	897.25	1.982441E-05	3.642806E-06
900	897.5	2.007527E-05	3.788032E-06
900	897.75	1.315851E-05	4.921355E-06
900	898	1.498626E-05	4.492241E-06
900	898.25	1.054232E-05	3.936166E-06
900	898.5	4.66486E-06	3.22948E-06
900	898.75	-1.391777E-06	4.847207E-06
900	899	-7.108528E-07	4.621263E-06
900	899.25	-8.236856E-06	4.54722E-06
900	899.5	-2.574437E-06	4.266478E-06
900	899.75	-1.497442E-05	3.223214E-06
900	900	-4.796398E-06	4.277566E-06
900	900.25	-1.12831E-05	2.770682E-06
900	900.5	-1.189234E-05	4.348469E-06
900	900.75	-1.113973E-05	5.382111E-06
900	901	-2.350388E-05	2.782808E-06
900	901.25	-1.48669E-05	4.678391E-06
900	901.5	-1.540447E-05	3.927628E-06
900	901.75	-1.665881E-05	3.380577E-06
900	902	-1.422181E-05	4.719891E-06
900	902.25	-1.515361E-05	3.187216E-06
900	902.5	-1.819985E-05	2.529287E-06
900	902.75	-1.612124E-05	2.993262E-06
900	903	-1.070969E-05	2.892838E-06
900	903.25	-2.717792E-06	3.500271E-06
900	903.5	1.581052E-05	2.785865E-06
900	903.75	3.18302E-05	4.440306E-06
900	904	6.111002E-05	3.663745E-06
900	904.25	0.0001104951	3.690989E-06
900	904.5	0.00016479	4.735546E-06
900	904.75	0.0002184398	4.678348E-06
900	905	0.0002385092	4.029211E-06
900	905.25	0.0001997681	3.697942E-06
900	905.5	0.0001465842	3.938347E-06
900	905.75	9.992283E-05	4.870718E-06
900	906	6.587651E-05	4.361446E-06
900	906.25	3.462559E-05	4.629839E-06
900	906.5	2.365911E-05	5.078117E-06
900	906.75	6.349254E-06	3.937307E-06
900	907	-1.678493E-06	3.253471E-06
900	907.25	-5.907385E-06	4.12431E-06
900	907.5	-3.864614E-06	4.326448E-06
900	907.75	-1.124727E-05	3.733227E-06
900	908	-1.70172E-05	3.759113E-06
900	908.25	-2.493743E-05	3.377159E-06
900	908.5	-2.153281E-05	4.124617E-06
900	908.75	-2.246461E-05	3.596551E-06
900	909	-2.479408E-05	4.562902E-06
900	909.25	-2.916633E-05	4.321065E-06
900	909.5	-2.070854E-05	3.110194E-06
900	909.75	-2.027849E-05	5.024656E-06
900	910	-3.482875E-05	3.144395E-06
900	910.25	-2.572588E-05	4.058014E-06
900	910.5	-3.006228E-05	3.119288E-06
900	910.75	-2.859293E-05	3.344186E-06
900	911	-3.059986E-05	3.40416E-06
900	911.25	-1.769814E-05	4.719759E-06
900	911.5	-2.615594E-05	3.776743E-06
900	911.75	-2.210622E-05	5.12445E-06
900	912	-1.561952E-05	4.653884E-06
900	912.25	-2.16045E-05	3.662216E-06
900	912.5	-2.017098E-05	4.370081E-06
900	912.75	-1.185653E-05	3.874902E-06
900	913	-1.769815E-05	3.667104E-06
900	913.25	-7.591791E-06	4.21345E-06
900	913.5	-6.122419E-06	4.944772E-06
900	913.75	4.17349E-08	3.317435E-06
900	914	-2.932832E-06	3.615098E-06
900	914.25	6.95851E-06	4.944154E-06
900	914.5	2.161633E-05	3.498692E-06
900	914.75	2.401749E-05	3.765895E-06
900	915	5.071698E-05	3.507045E-06
900	915.25	7.32234E-05	3.936103E-06
900	915.5	0.0001071264	3.641067E-06
900	915.75	0.00015153	4.137934E-06
900	916	0.000189626	4.819115E-06
900	916.25	0.0002379718	5.443194E-06
900	916.5	0.0002719106	4.764031E-06
900	916.75	0.0002783974	2.874094E-06
900	917	0.0002653881	4.352113E-06
900	917.25	0.000222203	4.995462E-06
900	917.5	0.0001834618	3.417038E-06
900	917.75	0.00015153	3.388605E-06
900	918	0.0001226443	3.983423E-06
900	918.25	9.089164E-05	4.921553E-06
900	918.5	7.612627E-05	4.510748E-06
900	918.75	5.738289E-05	4.550359E-06
900	919	4.781406E-05	4.457328E-06
900	919.25	4.093312E-05	3.691609E-06
900	919.5	3.211691E-05	3.915854E-06
900	919.75	3.29412E-05	4.722567E-06
900	920	1.237007E-05	4.623602E-06
900	920.25	1.548799E-05	3.149572E-06
900	920.5	1.383944E-05	4.866228E-06
900	920.75	3.374692E-06	3.898515E-06
900	921	4.234807E-06	4.23106E-06
900	921.25	1.520128E-05	3.52105E-06
900	921.5	6.456768E-06	3.705529E-06
900	921.75	7.316887E-06	4.15154E-06
900	922	-2.323569E-06	4.37574E-06
900	922.25	-3.542063E-06	4.434347E-06
900	922.5	6.509903E-07	3.341627E-06
900	922.75	-5.154789E-06	3.792727E-06
900	923	-8.416049E-06	3.84564E-06
900	923.25	-1.056634E-05	3.852255E-06
900	923.5	-1.357673E-05	3.926773E-06
900	923.75	-1.443685E-05	3.273886E-06
900	924	-2.52241E-05	4.000116E-06
900	924.25	-1.117557E-05	5.59074E-06
900	924.5	-1.89166E-05	3.995387E-06
900	924.75	-2.414895E-05	4.177369E-06
900	925	-7.44842E-06	2.615962E-06
900	925.25	-2.199867E-05	3.006151E-06
900	925.5	-2.318133E-05	3.704133E-06
900	925.75	-2.393392E-05	4.459483E-06
900	926	-3.235587E-05	4.164108E-06
900	926.25	-3.533042E-05	4.121895E-06
900	926.5	-2.748189E-05	4.505091E-06
900	926.75	-3.930844E-05	4.642653E-06
900	927	-2.62634E-05	3.370281E-06
900	927.25	-2.504489E-05	4.765696E-06
900	927.5	-2.110271E-05	2.846638E-06
900	927.75	-2.920211E-05	3.961216E-06
900	928	-2.551078E-05	3.203069E-06
900	928.25	-2.30738E-05	4.498703E-06
900	928.5	-3.070732E-05	3.806171E-06
900	928.75	-2.314548E-05	3.143573E-06
900	929	-2.687263E-05	4.189033E-06
900	929.25	-2.56183E-05	3.897478E-06
900	929.5	-2.493737E-05	4.473396E-06
900	929.75	-2.809112E-05	5.565191E-06
900	930	-1.716052E-05	2.540853E-06
900	930.25	-2.418478E-05	5.371964E-06
900	930.5	-1.809231E-05	3.451365E-06
900	930.75	-2.497322E-05	4.123643E-06
900	931	-1.683798E-05	3.770194E-06
900	931.25	-1.737555E-05	3.584263E-06
900	931.5	-2.03501E-05	4.842662E-06
900	931.75	-1.90241E-05	3.185243E-06
900	932	-2.497321E-05	4.809884E-06
900	932.25	-2.239289E-05	3.041194E-06
900	932.5	-2.318132E-05	3.903022E-06
900	932.75	-2.074433E-05	5.139233E-06
900	933	-2.002757E-05	3.035628E-06
900	933.25	-2.827033E-05	4.01324E-06
900	933.5	-2.855703E-05	3.183541E-06
900	933.75	-3.174661E-05	3.048435E-06
900	934	-3.640556E-05	3.946057E-06
900	934.25	-1.852237E-05	3.840956E-06
900	934.5	-2.386225E-05	4.54464E-06
900	934.75	-1.583452E-05	3.925608E-06
900	935	-1.945417E-05	3.525594E-06
900	935.25	-1.153395E-05	3.741853E-06
900	935.5	-1.425765E-05	4.384485E-06
900	935.75	-1.135477E-05	2.595945E-06
900	936	-7.806791E-06	4.592298E-06
900	936.25	-1.006459E-05	4.848616E-06
900	936.5	-5.083097E-06	4.803542E-06
900	936.75	2.944628E-06	3.293447E-06
900	937	1.194001E-05	3.993538E-06
900	937.25	1.620476E-05	5.688453E-06
900	937.5	3.157933E-05	3.834724E-06
900	937.75	4.856663E-05	4.241964E-06
900	938	4.691808E-05	4.537383E-06
900	938.25	4.7599E-05	3.498852E-06
900	938.5	5.910308E-05	3.850491E-06
900	938.75	5.050191E-05	4.342048E-06
900	939	4.476779E-05	3.658929E-06
900	939.25	4.487531E-05	4.476925E-06
900	939.5	4.70256E-05	4.405785E-06
900	939.75	3.663252E-05	5.375758E-06
900	940	4.190073E-05	3.523544E-06
900	940.25	3.068337E-05	3.05845E-06
900	940.5	2.322903E-05	3.874376E-06
900	940.75	3.007413E-05	2.949857E-06
900	941	1.867758E-05	3.569935E-06
900	941.25	2.530766E-05	4.412047E-06
900	941.5	2.473424E-05	3.413128E-06
900	941.75	1.011226E-05	3.339686E-06
900	942	1.097238E-05	3.609527E-06
900	942.25	8.714581E-06	4.476341E-06
900	942.5	1.122324E-05	3.090292E-06
900	942.75	7.066016E-06	3.215529E-06
900	943	3.589717E-06	4.072041E-06
900	943.25	8.929604E-06	4.414145E-06
900	943.5	5.345795E-06	5.103145E-06
900	943.75	1.122325E-05	5.177411E-06
900	944	4.163129E-06	4.292054E-06
900	944.25	4.342318E-06	4.217583E-06
900	944.5	7.961982E-06	5.102989E-06
900	944.75	1.860591E-05	3.998468E-06
900	945	2.021862E-05	2.998034E-06
900	945.25	1.577469E-05	3.678782E-06
900	945.5	2.014695E-05	4.345593E-06
900	945.75	1.98244E-05	4.607401E-06
900	946	2.566603E-05	5.194366E-06
900	946.25	2.193885E-05	3.836491E-06
900	946.5	1.301516E-05	4.957493E-06
900	946.75	1.846255E-05	3.381874E-06
900	947	2.168799E-05	3.64259E-06
900	947.25	1.505794E-05	5.542644E-06
900	947.5	1.659897E-05	4.955107E-06
900	947.75	2.158047E-05	3.718258E-06
900	948	8.965438E-06	3.268176E-06
900	948.25	2.606024E-05	3.69869E-06
900	948.5	1.763827E-05	3.871165E-06
900	948.75	2.290648E-05	4.471274E-06
900	949	2.304983E-05	3.106664E-06
900	949.25	3.26903E-05	4.344967E-06
900	949.5	3.734926E-05	4.673841E-06
900	949.75	3.638163E-05	3.809146E-06
900	950	3.476891E-05	3.471209E-06
900	950.25	3.899781E-05	4.338657E-06
900	950.5	4.634463E-05	3.81186E-06
900	950.75	4.61296E-05	5.355406E-06
900	951	5.315388E-05	4.088816E-06
900	951.25	5.086024E-05	3.512385E-06
900	951.5	5.218625E-05	4.957009E-06
900	951.75	4.645214E-05	4.759735E-06
900	952	4.294001E-05	3.206888E-06
900	952.25	3.903363E-05	3.298798E-06
900	952.5	3.172265E-05	3.078213E-06
900	952.75	2.638276E-05	3.270775E-06
900	953	2.899895E-05	2.894349E-06
900	953.25	2.537931E-05	4.738048E-06
900	953.5	1.667063E-05	3.756398E-06
900	953.75	1.272844E-05	3.815782E-06
900	954	-1.714305E-06	4.154006E-06
900	954.25	8.929603E-06	4.388879E-06
900	954.5	-9.491156E-06	4.405763E-06
900	954.75	3.697244E-06	4.274373E-06
900	955	-1.035128E-05	3.709154E-06
900	955.25	-1.017209E-05	2.548226E-06
900	955.5	-1.880904E-05	3.763331E-06
900	955.75	-8.416013E-06	4.385539E-06
900	956	-9.992887E-06	4.940857E-06
900	956.25	-2.035008E-05	4.265108E-06
900	956.5	-1.995586E-05	2.998018E-06
900	956.75	-2.554659E-05	4.664987E-06
900	957	-2.400556E-05	3.354254E-06
900	957.25	-2.052927E-05	2.906907E-06
900	957.5	-2.400555E-05	5.499758E-06
900	957.75	-2.755351E-05	4.466272E-06
900	958	-2.099517E-05	3.029201E-06
900	958.25	-2.81986E-05	4.725199E-06
900	958.5	-2.837779E-05	6.416915E-06
900	958.75	-2.880786E-05	3.37417E-06
900	959	-2.841363E-05	3.647739E-06
900	959.25	-2.568994E-05	3.397583E-06
900	959.5	-3.045639E-05	4.615997E-06
900	959.75	-2.852115E-05	3.759633E-06
900	960	-4.249796E-05	6.189181E-06
900	960.25	-2.088765E-05	4.284873E-06
900	960.5	-3.027721E-05	3.905301E-06
900	960.75	-2.970381E-05	3.658482E-06
900	961	-3.267835E-05	3.102766E-06
900	961.25	-2.497319E-05	3.443559E-06
900	961.5	-3.482864E-05	4.621607E-06
900	961.75	-3.260669E-05	4.932529E-06
900	962	-2.766103E-05	5.327167E-06
900	962.25	-3.665638E-05	2.402751E-06
900	962.5	-3.085063E-05	4.825226E-06
900	962.75	-3.593963E-05	3.596066E-06
900	963	-2.536741E-05	4.277305E-06
900	963.25	-3.869915E-05	4.704967E-06
900	963.5	-3.077895E-05	3.463436E-06
900	963.75	-3.378934E-05	4.292441E-06
900	964	-2.42206E-05	3.398319E-06
900	964.25	-2.669342E-05	3.854343E-06
900	964.5	-3.328762E-05	4.15824E-06
900	964.75	-3.214081E-05	3.820072E-06
900	965	-3.074313E-05	4.661915E-06
900	965.25	-3.031307E-05	3.397459E-06
900	965.5	-3.314427E-05	3.62911E-06
900	965.75	-2.278708E-05	4.586088E-06
900	966	-2.160443E-05	3.597971E-06
900	966.25	-2.332465E-05	5.129631E-06
900	966.5	-1.905993E-05	2.568754E-06
900	966.75	-2.300211E-05	3.337985E-06
900	967	-2.303795E-05	5.124272E-06
900	967.25	-2.257205E-05	4.55215E-06
900	967.5	-1.436514E-05	4.538259E-06
900	967.75	-1.819981E-05	4.111458E-06
900	968	-1.544029E-05	3.65628E-06
900	968.25	-7.412563E-06	4.481797E-06
900	968.5	3.374693E-06	3.503243E-06
900	968.75	2.567803E-07	3.706349E-06
900	969	2.586256E-06	3.770428E-06
900	969.25	-1.42761E-06	3.098974E-06
900	969.5	-2.323555E-06	4.318039E-06
900	969.75	-6.033284E-07	4.302145E-06
415	390	-0.001095585	2.718959E-05
415	390.25	-0.001094772	2.980329E-05
415	390.5	-0.001018539	3.13482E-05
415	390.75	-0.001019203	3.063657E-05
415	391	-0.001006331	2.666115E-05
415	391.25	-0.001021777	2.645159E-05
415	391.5	-0.001075472	3.165555E-05
415	391.75	-0.001079258	2.943374E-05
415	392	-0.001028702	3.46956E-05
415	392.25	-0.001054645	2.847887E-05
415	392.5	-0.001091549	2.547773E-05
415	392.75	-0.001101464	2.806792E-05
415	393	-0.001126028	2.814557E-05
415	393.25	-0.001014468	3.498811E-05
415	393.5	-0.00104071	3.394431E-05
415	393.75	-0.00106441	3.504395E-05
415	394	-0.001071601	3.016891E-05
415	394.25	-0.001093375	3.760071E-05
415	394.5	-0.001112491	3.154145E-05
415	394.75	-0.001068329	2.85987E-05
415	395	-0.001039563	2.59934E-05
415	395.25	-0.001077829	3.1625E-05
415	395.5	-0.001062981	3.26218E-05
415	395.75	-0.001022705	3.209095E-05
415	396	-0.001028551	3.519324E-05
415	396.25	-0.001106228	2.843442E-05
415	396.5	-0.001028999	3.867291E-05
415	396.75	-0.001046786	2.950075E-05
415	397	-0.00103423	3.298364E-05
415	397.25	-0.001041173	2.755481E-05
415	397.5	-0.001078425	2.767217E-05
415	397.75	-0.001113369	3.516228E-05
415	398	-0.001025627	3.214345E-05
415	398.25	-0.00103144	3.348886E-05
415	398.5	-0.001032286	2.653353E-05
415	398.75	-0.001035857	3.55631E-05
415	399	-0.001111874	3.112507E-05
415	399.25	-0.001106658	3.675853E-05
415	399.5	-0.001121589	3.965202E-05
415	399.75	-0.001105529	3.119288E-05
415	400	-0.001116374	3.591108E-05
415	400.25	-0.001041968	2.82166E-05
415	400.5	-0.001118151	3.371972E-05
415	400.75	-0.001076048	3.28401E-05
415	401	-0.001051617	3.508725E-05
415	401.25	-0.001096874	2.619071E-05
415	401.5	-0.00105042	3.626976E-05
415	401.75	-0.001064604	2.930352E-05
415	402	-0.001050669	3.157244E-05
415	402.25	-0.001023764	2.735828E-05
415	402.5	-0.001105095	2.308118E-05
415	402.75	-0.001079169	3.542211E-05
415	403	-0.001092289	2.915272E-05
415	403.25	-0.001066081	2.559935E-05
415	403.5	-0.001083138	2.952432E-05
415	403.75	-0.001100643	2.950375E-05
415	404	-0.001064769	2.428531E-05
415	404.25	-0.001118829	2.797354E-05
415	404.5	-0.0009949467	4.138063E-05
415	404.75	-0.001063224	2.583244E-05
415	405	-0.001043808	2.314027E-05
415	405.25	-0.001096955	2.370152E-05
415	405.5	-0.001057859	2.621781E-05
415	405.75	-0.001066727	3.140866E-05
415	406	-0.0009981514	3.582454E-05
415	406.25	-0.001047893	2.206055E-05
415	406.5	-0.001011919	3.524848E-05
415	406.75	-0.00100418	3.083089E-05
415	407	-0.001069367	2.748961E-05
415	407.25	-0.001050699	3.188987E-05
415	407.5	-0.001047909	3.412521E-05
415	407.75	-0.0009935663	3.554812E-05
415	408	-0.001019127	3.050867E-05
415	408.25	-0.001025139	2.885836E-05
415	408.5	-0.0009972197	2.96541E-05
415	408.75	-0.001001953	2.792079E-05
415	409	-0.001020023	2.882016E-05
415	409.25	-0.0009765584	3.277583E-05
415	409.5	-0.0009349047	3.44344E-05
415	409.75	-0.0008908426	3.407999E-05
415	410	-0.0008919052	3.167548E-05
415	410.25	-0.0008192107	3.133614E-05
415	410.5	-0.0007599022	3.451021E-05
415	410.75	-0.0007241776	2.081894E-05
415	411	-0.0006561829	3.092354E-05
415	411.25	-0.0005715968	3.572408E-05
415	411.5	-0.0004967762	3.194343E-05
415	411.75	-0.000432286	2.529951E-05
415	412	-0.0004584773	2.729646E-05
415	412.25	-0.0004290971	2.438023E-05
415	412.5	-0.0004400585	2.603936E-05
415	412.75	-0.0003623979	3.195916E-05
415	413	-0.0004063269	2.963552E-05
415	413.25	-0.0003939037	2.143791E-05
415	413.5	-0.0003772291	2.499774E-05
415	413.75	-0.0003719808	3.604668E-05
415	414	-0.0003347781	3.23415E-05
415	414.25	-0.0003616336	2.306999E-05
415	414.5	-0.0003614012	3.390605E-05
415	414.75	-0.0004155441	1.792981E-05
415	415	-0.0003145491	3.63704E-05
415	415.25	-0.0003026409	2.366759E-05
415	415.5	-0.0003844699	3.164156E-05
415	415.75	-0.0004002975	3.114647E-05
415	416	-0.0003142334	3.184814E-05
415	416.25	-0.0003149309	3.199671E-05
415	416.5	-0.0002934065	3.295563E-05
415	416.75	-0.000313054	2.546701E-05
415	417	-0.0002995515	3.220835E-05
415	417.25	-0.000319033	3.479659E-05
415	417.5	-0.0003399759	3.535186E-05
415	417.75	-0.0003099814	3.128345E-05
415	418	-0.0003211919	2.882275E-05
415	418.25	-0.0003148808	3.333175E-05
415	418.5	-0.0003210922	3.042446E-05
415	418.75	-0.0003017768	3.168595E-05
415	419	-0.000246953	2.41741E-05
415	419.25	-0.0001482167	3.669148E-05
415	419.5	-0.0001768328	3.243112E-05
415	419.75	-0.0002422694	3.090416E-05
415	420	-0.0002774954	3.011713E-05
415	420.25	-0.0003246629	2.289095E-05
415	420.5	-0.000358743	3.158726E-05
415	420.75	-0.0004968739	2.58656E-05
415	421	-0.0006018214	2.669225E-05
415	421.25	-0.0006762594	3.188914E-05
415	421.5	-0.0008093412	2.844705E-05
415	421.75	-0.0008685664	3.56181E-05
415	422	-0.0009324915	2.612993E-05
415	422.25	-0.0009245526	3.853141E-05
415	422.5	-0.0009756563	2.700021E-05
415	422.75	-0.001082663	3.492676E-05
415	423	-0.00103802	2.894046E-05
415	423.25	-0.001084922	3.193609E-05
415	423.5	-0.00108165	3.566177E-05
415	423.75	-0.001081932	2.987248E-05
415	424	-0.00112038	3.153973E-05
415	424.25	-0.001058431	3.392486E-05
415	424.5	-0.001083875	3.326698E-05
415	424.75	-0.001047885	2.566246E-05
415	425	-0.001051024	2.750544E-05
415	425.25	-0.001081185	2.508611E-05
415	425.5	-0.001054279	3.342822E-05
415	425.75	-0.001028487	2.983443E-05
415	426	-0.001039116	3.124275E-05
415	426.25	-0.001052004	2.680375E-05
415	426.5	-0.001081334	2.978598E-05
415	426.75	-0.00106544	3.27432E-05
415	427	-0.001028536	3.200314E-05
415	427.25	-0.001058414	2.978954E-05
415	427.5	-0.001060905	2.943646E-05
415	427.75	-0.001075819	2.668195E-05
415	428	-0.001046755	3.086739E-05
415	428.25	-0.001017906	3.013346E-05
415	428.5	-0.001065489	2.840922E-05
415	428.75	-0.001044612	3.293602E-05
415	429	-0.001039115	2.917303E-05
415	429.25	-0.001050907	2.528257E-05
415	429.5	-0.001060821	3.316657E-05
415	429.75	-0.001100316	2.624172E-05
415	430	-0.001066784	2.956065E-05
415	430.25	-0.001065571	2.130018E-05
415	430.5	-0.001067531	3.804501E-05
415	430.75	-0.00106499	2.757303E-05
415	431	-0.001070404	2.429207E-05
415	431.25	-0.001032471	2.902227E-05
415	431.5	-0.001065836	3.599643E-05
415	431.75	-0.001109566	2.975748E-05
415	432	-0.001102756	3.502862E-05
415	432.25	-0.001147399	3.084953E-05
415	432.5	-0.001051105	3.109778E-05
415	432.75	-0.001033383	2.098027E-05
415	433	-0.001057399	3.581704E-05
415	433.25	-0.001055705	2.844507E-05
415	433.5	-0.001088356	3.761398E-05
415	433.75	-0.001077278	2.920743E-05
415	434	-0.001072844	2.949266E-05
415	434.25	-0.001117072	3.405071E-05
415	434.5	-0.001078889	2.533642E-05
415	434.75	-0.001125209	3.383523E-05
415	435	-0.001077245	3.08198E-05
500	480	-0.000959294	3.710811E-05
500	480.25	-0.001027012	3.393941E-05
500	480.5	-0.0009140936	3.915159E-05
500	480.75	-0.0009512164	3.052781E-05
500	481	-0.0009709165	3.228439E-05
500	481.25	-0.000985075	3.237576E-05
500	481.5	-0.0009865779	4.280333E-05
500	481.75	-0.001055117	5.179561E-05
500	482	-0.001002591	3.401178E-05
500	482.25	-0.001023559	2.784769E-05
500	482.5	-0.00094605	3.299942E-05
500	482.75	-0.0009761285	2.631714E-05
500	483	-0.0009715733	3.885217E-05
500	483.25	-0.0009194228	4.450095E-05
500	483.5	-0.00100036	3.071395E-05
500	483.75	-0.0009282512	3.933346E-05
500	484	-0.001022713	4.258993E-05
500	484.25	-0.0009592455	3.450583E-05
500	484.5	-0.0009368449	2.588763E-05
500	484.75	-0.0009327124	4.08651E-05
500	485	-0.001029781	3.266698E-05
500	485.25	-0.0009807297	4.130431E-05
500	485.5	-0.0009284621	3.427988E-05
500	485.75	-0.001015011	3.639994E-05
500	486	-0.0009529756	3.09142E-05
500	486.25	-0.001001416	3.024913E-05
500	486.5	-0.0009785221	2.855244E-05
500	486.75	-0.0009877496	4.166377E-05
500	487	-0.0009627196	3.855762E-05
500	487.25	-0.0009666171	2.974926E-05
500	487.5	-0.0009795783	3.722656E-05
500	487.75	-0.0009701625	3.046458E-05
500	488	-0.0009401309	3.208526E-05
500	488.25	-0.000906812	3.569486E-05
500	488.5	-0.0009034308	4.772217E-05
500	488.75	-0.0009331805	3.173466E-05
500	489	-0.0009521292	4.074584E-05
500	489.25	-0.000840503	4.019997E-05
500	489.5	-0.0008305003	3.716804E-05
500	489.75	-0.0008858904	3.572552E-05
500	490	-0.0008504821	3.631363E-05
500	490.25	-0.0006969198	5.70531E-05
500	490.5	-0.0006237781	2.77905E-05
500	490.75	-0.0005991941	3.948553E-05
500	491	-0.0004897986	2.234081E-05
500	491.25	-0.0002809165	3.932479E-05
500	491.5	-0.000129726	3.742436E-05
500	491.75	0.0001628878	3.838335E-05
500	492	0.000525967	2.66824E-05
500	492.25	0.0008181585	3.195582E-05
500	492.5	0.001151817	3.711937E-05
500	492.75	0.00139005	3.631096E-05
500	493	0.001538189	4.094423E-05
500	493.25	0.001690201	2.303878E-05
500	493.5	0.00168621	3.554829E-05
500	493.75	0.001731222	3.475417E-05
500	494	0.001679306	2.86448E-05
500	494.25	0.001574043	3.142628E-05
500	494.5	0.001561481	3.749215E-05
500	494.75	0.001512618	2.649388E-05
500	495	0.001522527	3.566977E-05
500	495.25	0.001532365	3.373562E-05
500	495.5	0.001524734	2.964762E-05
500	495.75	0.001520132	2.791499E-05
500	496	0.001536193	3.571477E-05
500	496.25	0.001537038	2.413657E-05
500	496.5	0.001568431	2.202751E-05
500	496.75	0.00153152	3.424047E-05
500	497	0.001528984	3.057582E-05
500	497.25	0.001542673	3.6717E-05
500	497.5	0.001558828	3.147841E-05
500	497.75	0.001577189	3.19048E-05
500	498	0.00149745	2.587122E-05
500	498.25	0.001565543	2.891416E-05
500	498.5	0.00158259	4.14221E-05
500	498.75	0.001495759	3.439612E-05
500	499	0.001551126	3.591676E-05
500	499.25	0.001449291	3.698455E-05
500	499.5	0.001408552	4.40648E-05
500	499.75	0.001347855	3.397314E-05
500	500	0.00132475	4.578096E-05
500	500.25	0.001279269	3.406263E-05
500	500.5	0.001074354	2.561753E-05
500	500.75	0.001033615	3.555212E-05
500	501	0.0008169608	2.181573E-05
500	501.25	0.0006661453	4.063783E-05
500	501.5	0.0004000408	3.902913E-05
500	501.75	0.0001402995	3.873192E-05
500	502	-0.0001516566	3.213265E-05
500	502.25	-0.0003612899	3.102765E-05
500	502.5	-0.0005706178	3.901144E-05
500	502.75	-0.000651273	4.72557E-05
500	503	-0.0007139186	3.411418E-05
500	503.25	-0.0008204728	4.73528E-05
500	503.5	-0.00087753	3.649652E-05
500	503.75	-0.0009597349	4.003674E-05
500	504	-0.0008888946	3.776258E-05
500	504.25	-0.001028157	3.680699E-05
500	504.5	-0.0009900012	3.02391E-05
500	504.75	-0.0009618481	3.462479E-05
500	505	-0.0009820412	3.03827E-05
500	505.25	-0.001010805	3.57455E-05
500	505.5	-0.0009399408	4.471148E-05
500	505.75	-0.0009857275	2.477473E-05
500	506	-0.000911318	3.613883E-05
500	506.25	-0.0009981487	3.345117E-05
500	506.5	-0.001024235	3.953302E-05
500	506.75	-0.001055182	3.349511E-05
500	507	-0.0009881456	3.579617E-05
500	507.25	-0.001005498	4.627507E-05
500	507.5	-0.001011767	2.861597E-05
500	507.75	-0.0009507881	3.401969E-05
500	508	-0.0009671542	3.905872E-05
500	508.25	-0.00096281	3.24422E-05
500	508.5	-0.0009427107	3.347298E-05
500	508.75	-0.0009495672	3.476312E-05
500	509	-0.000961002	3.323628E-05
500	509.25	-0.0009828621	4.428245E-05
500	509.5	-0.001018834	3.269178E-05
500	509.75	-0.0009910804	4.263068E-05
500	510	-0.0009078891	4.407885E-05
500	510.25	-0.001012424	3.158104E-05
500	510.5	-0.0009868538	4.691058E-05
500	510.75	-0.001010357	3.176262E-05
500	511	-0.0009444947	3.291155E-05
500	511.25	-0.000994954	3.439849E-05
500	511.5	-0.0009872054	3.093949E-05
500	511.75	-0.0009756297	2.241789E-05
500	512	-0.0009517031	2.792768E-05
500	512.25	-0.0009816404	3.845489E-05
500	512.5	-0.001029	2.693164E-05
500	512.75	-0.0009752536	2.917687E-05
500	513	-0.001031466	3.817325E-05
500	513.25	-0.0009733281	3.052524E-05
500	513.5	-0.001005966	3.788108E-05
500	513.75	-0.0009790339	4.40786E-05
500	514	-0.001001317	3.862882E-05
500	514.25	-0.000951233	3.208758E-05
500	514.5	-0.00101099	5.00674E-05
500	514.75	-0.001019091	3.259546E-05
500	515	-0.0009720597	3.340853E-05
500	515.25	-0.001012	4.362036E-05
500	515.5	-0.0009891065	3.695422E-05
500	515.75	-0.0009542146	3.012887E-05
500	516	-0.001023716	3.245036E-05
500	516.25	-0.0009637944	4.110161E-05
500	516.5	-0.001009369	2.66478E-05
500	516.75	-0.0009653203	3.157672E-05
500	517	-0.001032052	3.508998E-05
500	517.25	-0.0009621505	3.698217E-05
500	517.5	-0.001011436	2.52769E-05
500	517.75	-0.001034869	3.80469E-05
500	518	-0.0009766141	3.079915E-05
500	518.25	-0.0009461367	4.250848E-05
500	518.5	-0.0009847851	3.845802E-05
500	518.75	-0.001015803	3.644715E-05
500	519	-0.0009241354	2.855717E-05
500	519.25	-0.0009298174	2.777843E-05
500	519.5	-0.0009978164	2.069838E-05
500	519.75	-0.0009532976	2.71051E-05
500	520	-0.001024842	3.271679E-05
500	520.25	-0.000979525	3.730601E-05
500	520.5	-0.001030783	2.720385E-05
500	520.75	-0.0009977692	3.012655E-05
500	521	-0.001039752	4.280176E-05
500	521.25	-0.0009869447	2.39202E-05
500	521.5	-0.001062035	4.02458E-05
500	521.75	-0.001009885	3.112612E-05
500	522	-0.001017399	2.641325E-05
500	522.25	-0.0009954682	3.56129E-05
500	522.5	-0.0009558564	3.383766E-05
500	522.75	-0.001001855	3.596098E-05
500	523	-0.0009911241	3.938129E-05
500	523.25	-0.001033295	3.851279E-05
500	523.5	-0.000957242	3.193686E-05
500	523.75	-0.0009234303	3.56706E-05
500	524	-0.0009497518	4.175371E-05
500	524.25	-0.0009750167	3.484883E-05
500	524.5	-0.0009816851	3.375225E-05
500	524.75	-0.0009656245	3.36334E-05
615	590	-0.001114616	3.330563E-05
615	590.25	-0.001098476	3.220042E-05
615	590.5	-0.001106298	3.139915E-05
615	590.75	-0.001119033	3.495978E-05
615	591	-0.001085704	3.596264E-05
615	591.25	-0.001159429	2.432433E-05
615	591.5	-0.001133075	2.321828E-05
615	591.75	-0.001125014	3.037707E-05
615	592	-0.001082447	3.732364E-05
615	592.25	-0.001067945	3.384787E-05
615	592.5	-0.001072417	2.525962E-05
615	592.75	-0.001100979	2.619298E-05
615	593	-0.00112553	3.369156E-05
615	593.25	-0.001126542	2.74526E-05
615	593.5	-0.001094685	2.679197E-05
615	593.75	-0.001141688	2.682264E-05
615	594	-0.001052007	2.612621E-05
615	594.25	-0.00111169	3.469174E-05
615	594.5	-0.001108488	2.032375E-05
615	594.75	-0.001121481	3.240827E-05
615	595	-0.001150282	3.213131E-05
615	595.25	-0.001131014	2.984763E-05
615	595.5	-0.001133774	2.804146E-05
615	595.75	-0.001110954	2.363645E-05
615	596	-0.001075582	3.629372E-05
615	596.25	-0.00109463	3.558701E-05
615	596.5	-0.001108193	3.88029E-05
615	596.75	-0.001086367	2.705513E-05
615	597	-0.001114082	4.04865E-05
615	597.25	-0.001166919	3.47927E-05
615	597.5	-0.001119217	3.247469E-05
615	597.75	-0.001098347	3.040372E-05
615	598	-0.001138025	3.015252E-05
615	598.25	-0.001047057	2.78818E-05
615	598.5	-0.001078876	4.655431E-05
615	598.75	-0.001080036	2.909928E-05
615	599	-0.001053498	3.752666E-05
615	599.25	-0.001102727	3.603586E-05
615	599.5	-0.0010507	2.961533E-05
615	599.75	-0.001097905	2.631827E-05
615	600	-0.001078029	3.592458E-05
615	600.25	-0.001069656	2.896478E-05
615	600.5	-0.001080974	3.608839E-05
615	600.75	-0.001102966	2.812821E-05
615	601	-0.001027511	2.499939E-05
615	601.25	-0.001057583	3.089709E-05
615	601.5	-0.001116014	2.451308E-05
615	601.75	-0.001077716	2.633911E-05
615	602	-0.001055301	3.679554E-05
615	602.25	-0.001073667	3.355668E-05
615	602.5	-0.00107893	3.115786E-05
615	602.75	-0.001059625	2.920884E-05
615	603	-0.001050221	3.96675E-05
615	603.25	-0.0009944583	3.0673E-05
615	603.5	-0.001084728	3.109414E-05
615	603.75	-0.001041203	3.221366E-05
615	604	-0.001028523	3.23826E-05
615	604.25	-0.001053405	3.707588E-05
615	604.5	-0.001054913	2.852939E-05
615	604.75	-0.001027492	2.994658E-05
615	605	-0.0009019071	3.472157E-05
615	605.25	-0.0008857856	2.52792E-05
615	605.5	-0.0008927789	3.346926E-05
615	605.75	-0.0009083851	3.13E-05
615	606	-0.0008943801	3.424454E-05
615	606.25	-0.0008598735	2.879361E-05
615	606.5	-0.0007777756	2.915758E-05
615	606.75	-0.0007461767	2.913738E-05
615	607	-0.0006290755	2.895276E-05
615	607.25	-0.0005918454	2.809806E-05
615	607.5	-0.00046799	3.419103E-05
615	607.75	-0.0003096467	3.007621E-05
615	608	-0.0001933552	3.467033E-05
615	608.25	-9.75652E-05	3.665665E-05
615	608.5	7.001684E-05	2.778599E-05
615	608.75	0.0001900813	3.229894E-05
615	609	0.0003826187	3.099184E-05
615	609.25	0.0005611881	2.684919E-05
615	609.5	0.0007701969	3.211708E-05
615	609.75	0.001044262	3.48395E-05
615	610	0.001150468	2.988283E-05
615	610.25	0.00132659	3.119089E-05
615	610.5	0.001575442	3.284762E-05
615	610.75	0.00166019	2.854476E-05
615	611	0.001785738	1.725251E-05
615	611.25	0.001844722	4.306807E-05
615	611.5	0.001822988	3.206497E-05
615	611.75	0.001831876	2.965702E-05
615	612	0.00186537	2.697378E-05
615	612.25	0.001856058	2.481952E-05
615	612.5	0.001833311	2.66253E-05
615	612.75	0.001829281	3.030514E-05
615	613	0.001825047	3.773854E-05
615	613.25	0.001814668	2.573658E-05
615	613.5	0.001893342	3.235162E-05
615	613.75	0.001884307	2.937937E-05
615	614	0.001853352	3.315024E-05
615	614.25	0.00185407	2.89537E-05
615	614.5	0.001814852	3.16893E-05
615	614.75	0.001863695	3.124249E-05
615	615	0.001833402	3.047679E-05
615	615.25	0.001735919	2.614175E-05
615	615.5	0.001718031	2.950021E-05
615	615.75	0.001700731	3.425882E-05
615	616	0.00159423	3.472277E-05
615	616.25	0.001589316	3.183028E-05
615	616.5	0.001539811	3.745463E-05
615	616.75	0.001423151	2.635186E-05
615	617	0.001390706	2.753279E-05
615	617.25	0.001186464	3.601877E-05
615	617.5	0.001159411	2.585254E-05
615	617.75	0.001018808	2.859133E-05
615	618	0.0008653229	2.63454E-05
615	618.25	0.0007505775	3.850264E-05
615	618.5	0.0006207408	3.343342E-05
615	618.75	0.0005184727	3.042817E-05
615	619	0.0003245552	2.707172E-05
615	619.25	0.0001750822	3.294953E-05
615	619.5	2.428421E-05	3.475779E-05
615	619.75	-0.0001095825	3.110371E-05
615	620	-0.0002134331	2.808594E-05
615	620.25	-0.0004110306	2.973556E-05
615	620.5	-0.0004752953	4.338136E-05
615	620.75	-0.0005820719	2.791068E-05
615	621	-0.0007142638	2.789338E-05
615	621.25	-0.0007820805	3.323539E-05
615	621.5	-0.0008298558	3.660676E-05
615	621.75	-0.000960336	2.925602E-05
615	622	-0.0009454845	3.204908E-05
615	622.25	-0.0009886772	3.302264E-05
615	622.5	-0.0009820154	3.051212E-05
615	622.75	-0.001039048	1.90215E-05
615	623	-0.00104755	3.98728E-05
615	623.25	-0.001053844	2.757205E-05
615	623.5	-0.001031116	2.916561E-05
615	623.75	-0.001035073	3.830812E-05
615	624	-0.001100865	3.259635E-05
615	624.25	-0.001114851	3.343753E-05
615	624.5	-0.00110865	3.307898E-05
615	624.75	-0.001089547	3.50359E-05
615	625	-0.001086013	3.441475E-05
615	625.25	-0.001154842	3.587407E-05
615	625.5	-0.001210144	3.333831E-05
615	625.75	-0.001150167	2.525695E-05
615	626	-0.001139217	2.877272E-05
615	626.25	-0.001131727	2.857639E-05
615	626.5	-0.001140469	3.952053E-05
615	626.75	-0.001134524	1.98346E-05
615	627	-0.001187857	3.929326E-05
615	627.25	-0.001158854	2.312595E-05
615	627.5	-0.00108651	3.695455E-05
615	627.75	-0.001158909	2.528198E-05
615	628	-0.001211727	3.032611E-05
615	628.25	-0.001107692	3.2689E-05
615	628.5	-0.001155155	3.608541E-05
615	628.75	-0.001125727	2.275378E-05
615	629	-0.001175766	4.59191E-05
615	629.25	-0.00110679	3.126568E-05
615	629.5	-0.001130586	4.09028E-05
615	629.75	-0.001128543	3.246131E-05
615	630	-0.00118471	2.774614E-05
615	630.25	-0.001123629	2.817461E-05
615	630.5	-0.001172232	3.01646E-05
615	630.75	-0.001172582	3.513176E-05
615	631	-0.001118439	2.840593E-05
615	631.25	-0.001218867	2.918275E-05
615	631.5	-0.001135738	3.291408E-05
615	631.75	-0.001178839	2.781266E-05
615	632	-0.00116038	3.304316E-05
615	632.25	-0.001231362	3.445155E-05
615	632.5	-0.001182446	3.350839E-05
615	632.75	-0.00115911	3.958699E-05
615	633	-0.001129628	2.250056E-05
615	633.25	-0.001209241	2.773334E-05
615	633.5	-0.001210842	2.986158E-05
615	633.75	-0.00117087	3.172453E-05
615	634	-0.001172416	2.347971E-05
615	634.25	-0.001156405	3.115119E-05
615	634.5	-0.001122505	3.033074E-05
615	634.75	-0.001108335	3.407262E-05
673	645	-0.0009943777	2.859632E-05
673	645.25	-0.0009865618	4.252785E-05
673	645.5	-0.001072625	3.65266E-05
673	645.75	-0.0009698346	2.350303E-05
673	646	-0.001023332	4.007391E-05
673	646.25	-0.001052522	2.839048E-05
673	646.5	-0.0009429232	4.902487E-05
673	646.75	-0.001055927	4.181237E-05
673	647	-0.0009918015	3.484424E-05
673	647.25	-0.0009922753	3.289046E-05
673	647.5	-0.0009768508	4.510525E-05
673	647.75	-0.0009613374	3.654275E-05
673	648	-0.0009926895	3.176067E-05
673	648.25	-0.001008025	4.242905E-05
673	648.5	-0.000927676	3.271186E-05
673	648.75	-0.0009573997	3.648937E-05
673	649	-0.000909054	6.247488E-05
673	649.25	-0.0009388962	3.767573E-05
673	649.5	-0.001065785	5.149681E-05
673	649.75	-0.0009071589	3.507231E-05
673	650	-0.0009355803	3.187143E-05
673	650.25	-0.0009372084	4.353039E-05
673	650.5	-0.0009877449	3.184191E-05
673	650.75	-0.000938659	3.832662E-05
673	651	-0.0009134055	3.59956E-05
673	651.25	-0.001087485	4.405657E-05
673	651.5	-0.0009380371	2.030801E-05
673	651.75	-0.0009708694	3.364251E-05
673	652	-0.0009816755	4.874174E-05
673	652.25	-0.0009823267	2.761983E-05
673	652.5	-0.0009664583	3.179365E-05
673	652.75	-0.0009448167	2.754621E-05
673	653	-0.000983067	4.066533E-05
673	653.25	-0.0009570436	5.284843E-05
673	653.5	-0.000952514	8.983605E-06
673	653.75	-0.0008682865	5.067162E-05
673	654	-0.0009153593	2.744701E-05
673	654.25	-0.0009077506	7.272289E-06
673	654.5	-0.0009337735	6.611557E-05
673	654.75	-0.000893925	3.636178E-05
673	655	-0.0009494348	3.271991E-05
673	655.25	-0.0009041683	3.406999E-05
673	655.5	-0.0009607146	3.168596E-05
673	655.75	-0.001047636	3.261923E-05
673	656	-0.0009411159	2.731575E-05
673	656.25	-0.0009596192	7.527334E-05
673	656.5	-0.0009020368	3.852706E-05
673	656.75	-0.0009886917	6.143867E-05
673	657	-0.0009197999	4.928126E-05
673	657.25	-0.0008864052	4.293038E-05
673	657.5	-0.0009581981	2.815473E-05
673	657.75	-0.0009180828	3.149753E-05
673	658	-0.0009606259	4.553629E-05
673	658.25	-0.0009257805	4.654149E-05
673	658.5	-0.001003554	5.564501E-05
673	658.75	-0.0009157442	3.273314E-05
673	659	-0.0009563038	4.599209E-05
673	659.25	-0.0009364087	6.567647E-05
673	659.5	-0.0008843329	2.627459E-05
673	659.75	-0.0008498424	6.187111E-05
673	660	-0.0008493097	3.477604E-05
673	660.25	-0.000877583	5.015257E-05
673	660.5	-0.0008814612	2.549819E-05
673	660.75	-0.0009059747	2.050205E-05
673	661	-0.0008623363	5.714321E-05
673	661.25	-0.000884955	5.177274E-05
673	661.5	-0.000833856	5.601932E-05
673	661.75	-0.0008928893	4.631111E-05
673	662	-0.0009749259	4.105591E-05
673	662.25	-0.0008401618	2.962129E-05
673	662.5	-0.0008342703	3.375271E-05
673	662.75	-0.000822991	2.970601E-05
673	663	-0.0007908097	2.451201E-05
673	663.25	-0.0007993953	2.142082E-05
673	663.5	-0.0006846152	3.014203E-05
673	663.75	-0.0006581777	3.533461E-05
673	664	-0.0006118154	2.173467E-05
673	664.25	-0.000610276	4.887479E-05
673	664.5	-0.0004359888	2.759308E-05
673	664.75	-0.0003630705	2.049595E-05
673	665	-0.000260843	1.919754E-05
673	665.25	-0.0001106841	2.953444E-05
673	665.5	1.442855E-05	2.267571E-05
673	665.75	0.0001810486	4.570721E-05
673	666	0.000446255	2.460808E-05
673	666.25	0.000661369	4.375174E-05
673	666.5	0.001004468	3.624733E-05
673	666.75	0.001321691	6.965517E-05
673	667	0.001460334	6.978733E-05
673	667.25	0.001930086	2.590603E-05
673	667.5	0.002260602	1.396005E-05
673	667.75	0.002556953	2.442894E-05
673	668	0.002681681	2.853249E-05
673	668.25	0.002929746	5.519122E-05
673	668.5	0.002916513	2.252408E-05
673	668.75	0.002974066	2.240472E-05
673	669	0.002979335	4.552278E-05
673	669.25	0.002789919	3.646286E-05
673	669.5	0.002662852	4.155727E-05
673	669.75	0.002597749	3.262638E-05
673	670	0.002611249	1.172665E-05
673	670.25	0.002586973	1.638447E-05
673	670.5	0.00262167	3.816885E-05
673	670.75	0.002577322	3.422631E-05
673	671	0.002618177	2.248047E-05
673	671.25	0.0026667	3.681163E-05
673	671.5	0.002713891	2.128263E-05
673	671.75	0.002670105	6.458E-05
673	672	0.002711167	5.803587E-05
673	672.25	0.002868106	6.685108E-05
673	672.5	0.002817363	3.008236E-05
673	672.75	0.002736954	3.519708E-05
673	673	0.002797971	4.153651E-05
673	673.25	0.002681295	5.613479E-05
673	673.5	0.002675522	2.430733E-05
673	673.75	0.002604706	4.467036E-05
673	674	0.002620603	1.422681E-05
673	674.25	0.00266063	1.980165E-05
673	674.5	0.00265468	3.784081E-05
673	674.75	0.002534333	2.496118E-05
673	675	0.002499842	7.796746E-05
673	675.25	0.002307762	5.441622E-05
673	675.5	0.002116095	3.265882E-05
673	675.75	0.001823444	4.657454E-05
673	676	0.001583758	2.551091E-05
673	676.25	0.001209248	4.35657E-05
673	676.5	0.0008146952	4.951061E-05
673	676.75	0.0004633073	1.781322E-05
673	677	0.0001081596	3.131758E-05
673	677.25	-0.000155625	4.098941E-05
673	677.5	-0.0003580372	4.327897E-05
673	677.75	-0.0005668738	4.233359E-05
673	678	-0.0006755256	3.472573E-05
673	678.25	-0.0006927559	2.956696E-05
673	678.5	-0.0008574211	5.455874E-05
673	678.75	-0.0008510855	4.181167E-05
673	679	-0.0008994311	3.459602E-05
673	679.25	-0.000899668	4.401444E-05
673	679.5	-0.0009696847	3.766451E-05
673	679.75	-0.0009005561	3.272892E-05
673	680	-0.0009612766	3.918211E-05
673	680.25	-0.0009422994	3.249999E-05
673	680.5	-0.001041063	3.146373E-05
673	680.75	-0.0009848718	2.795769E-05
673	681	-0.0009338321	3.54308E-05
673	681.25	-0.001071408	5.551335E-05
673	681.5	-0.0009878621	3.134878E-05
673	681.75	-0.001043194	3.971924E-05
673	682	-0.001105425	4.542349E-05
673	682.25	-0.00104204	3.591309E-05
673	682.5	-0.0009977796	3.734676E-05
673	682.75	-0.0009708979	2.898995E-05
673	683	-0.0009965955	3.593272E-05
673	683.25	-0.0009870328	4.221861E-05
673	683.5	-0.001000592	2.505333E-05
673	683.75	-0.0009962402	4.439355E-05
673	684	-0.001057523	4.575066E-05
673	684.25	-0.001029013	3.141445E-05
673	684.5	-0.0009746874	4.209516E-05
673	684.75	-0.0009266971	5.264433E-05
673	685	-0.0009564208	4.034106E-05
673	685.25	-0.001004234	4.440721E-05
673	685.5	-0.0009997929	4.055012E-05
673	685.75	-0.001011783	4.479755E-05
673	686	-0.0009275557	3.436471E-05
673	686.25	-0.001011931	4.546635E-05
673	686.5	-0.000991977	2.614005E-05
673	686.75	-0.001013826	2.327612E-05
673	687	-0.001050182	3.360273E-05
673	687.25	-0.001070224	2.980091E-05
673	687.5	-0.0009767897	2.783833E-05
673	687.75	-0.001032537	2.957091E-05
673	688	-0.001062379	3.794085E-05
673	688.25	-0.0009915332	4.418152E-05
673	688.5	-0.000974362	3.535195E-05
673	688.75	-0.001012997	2.492954E-05
673	689	-0.001066879	3.555378E-05
673	689.25	-0.001020872	4.724569E-05
673	689.5	-0.001031175	5.400846E-05
673	689.75	-0.0009759314	3.328019E-05
673	690	-0.001007076	3.597355E-05
673	690.25	-0.001021909	3.642458E-05
673	690.5	-0.0009327074	4.820819E-05
673	690.75	-0.001051129	4.584872E-05
673	691	-0.000952632	3.445146E-05
673	691.25	-0.001007639	2.802963E-05
673	691.5	-0.001074695	5.857321E-05
673	691.75	-0.0009175204	6.763303E-05
673	692	-0.001090446	4.82988E-05
673	692.25	-0.001019748	4.593138E-05
673	692.5	-0.0009765535	3.36428E-05
673	692.75	-0.0009460895	3.093395E-05
673	693	-0.0009966853	3.216532E-05
673	693.25	-0.0009974846	4.260199E-05
673	693.5	-0.001014833	1.844391E-05
673	693.75	-0.001007609	4.016151E-05
673	694	-0.001035942	3.953901E-05
673	694.25	-0.0008871748	4.186456E-05
673	694.5	-0.001015278	3.375905E-05
673	694.75	-0.001039317	3.865005E-05
870	830	-0.001232729	2.017968E-05
870	830.25	-0.001225802	3.335354E-05
870	830.5	-0.001192436	3.122763E-05
870	830.75	-0.001171506	3.462633E-05
870	831	-0.001202413	3.082834E-05
870	831.25	-0.001170943	2.921913E-05
870	831.5	-0.001234506	6.165213E-05
870	831.75	-0.001221361	4.258332E-05
870	832	-0.001200311	2.875666E-05
870	832.25	-0.00119516	4.501502E-05
870	832.5	-0.00122965	4.652146E-05
870	832.75	-0.001147318	4.412817E-05
870	833	-0.0012274	2.705902E-05
870	833.25	-0.001143942	2.782067E-05
870	833.5	-0.001179025	4.171796E-05
870	833.75	-0.001074577	2.657805E-05
870	834	-0.001232522	3.486935E-05
870	834.25	-0.001077656	4.668797E-05
870	834.5	-0.001066376	3.832311E-05
870	834.75	-0.001116794	2.844796E-05
870	835	-0.00109009	3.840178E-05
870	835.25	-0.001108416	3.81786E-05
870	835.5	-0.001180535	3.824346E-05
870	835.75	-0.001175798	2.950871E-05
870	836	-0.001214788	2.871172E-05
870	836.25	-0.001227873	3.74365E-05
870	836.5	-0.001214995	3.794977E-05
870	836.75	-0.001193176	5.720708E-05
870	837	-0.00118163	4.270465E-05
870	837.25	-0.001240426	2.88233E-05
870	837.5	-0.00118912	3.378797E-05
870	837.75	-0.00117408	3.874009E-05
870	838	-0.001156376	3.716642E-05
870	838.25	-0.001169935	2.770304E-05
870	838.5	-0.001218992	3.624906E-05
870	838.75	-0.001154807	2.681929E-05
870	839	-0.001206172	3.30696E-05
870	839.25	-0.001291939	3.731352E-05
870	839.5	-0.001196343	3.796583E-05
870	839.75	-0.00116511	3.367821E-05
870	840	-0.001200162	4.258315E-05
870	840.25	-0.001185596	3.278767E-05
870	840.5	-0.001109777	3.957164E-05
870	840.75	-0.00122885	3.097395E-05
870	841	-0.00110131	3.908982E-05
870	841.25	-0.001185596	2.581698E-05
870	841.5	-0.001168869	4.408387E-05
870	841.75	-0.001206054	3.391638E-05
870	842	-0.001172333	2.794756E-05
870	842.25	-0.001131596	3.622587E-05
870	842.5	-0.001172096	3.579732E-05
870	842.75	-0.001199806	3.345129E-05
870	843	-0.001239596	3.477665E-05
870	843.25	-0.001173695	3.434285E-05
870	843.5	-0.001226451	2.987238E-05
870	843.75	-0.001137191	3.629939E-05
870	844	-0.001195276	4.775975E-05
870	844.25	-0.001224941	4.202E-05
870	844.5	-0.001230921	2.733891E-05
870	844.75	-0.001154984	4.950911E-05
870	845	-0.001217599	3.756202E-05
870	845.25	-0.001172095	3.34595E-05
870	845.5	-0.001292115	3.00975E-05
870	845.75	-0.00120623	2.883117E-05
870	846	-0.001148381	3.957668E-05
870	846.25	-0.00122423	3.567669E-05
870	846.5	-0.001195187	2.485706E-05
870	846.75	-0.001182812	3.094561E-05
870	847	-0.001153711	3.275826E-05
870	847.25	-0.001166618	3.673815E-05
870	847.5	-0.001224497	2.513951E-05
870	847.75	-0.001237079	3.981168E-05
870	848	-0.001213721	3.449006E-05
870	848.25	-0.001181095	3.263993E-05
870	848.5	-0.00122429	3.857364E-05
870	848.75	-0.001265945	4.056994E-05
870	849	-0.001171296	2.812594E-05
870	849.25	-0.001195247	3.015438E-05
870	849.5	-0.001250757	3.983844E-05
870	849.75	-0.001212359	3.633919E-05
870	850	-0.001202352	3.074812E-05
870	850.25	-0.001219109	4.510109E-05
870	850.5	-0.001193678	3.846455E-05
870	850.75	-0.001284625	3.155276E-05
870	851	-0.001203181	4.450628E-05
870	851.25	-0.001195396	4.51941E-05
870	851.5	-0.00126633	3.576279E-05
870	851.75	-0.001278112	3.912057E-05
870	852	-0.001237702	3.843341E-05
870	852.25	-0.001191369	3.987304E-05
870	852.5	-0.001262748	2.526834E-05
870	852.75	-0.00121156	2.806002E-05
870	853	-0.001163599	4.383249E-05
870	853.25	-0.001166826	3.205805E-05
870	853.5	-0.001228406	4.217145E-05
870	853.75	-0.001208096	3.390049E-05
870	854	-0.001179646	2.949978E-05
870	854.25	-0.001224142	3.369269E-05
870	854.5	-0.001291732	3.553823E-05
870	854.75	-0.00119587	4.175586E-05
870	855	-0.001239153	3.848287E-05
870	855.25	-0.001154925	3.684142E-05
870	855.5	-0.001189801	3.363231E-05
870	855.75	-0.001151995	5.208954E-05
870	856	-0.001153297	3.079982E-05
870	856.25	-0.001170084	2.168219E-05
870	856.5	-0.001162742	3.48197E-05
870	856.75	-0.001122774	4.547294E-05
870	857	-0.001152173	4.506266E-05
870	857.25	-0.001122241	3.206164E-05
870	857.5	-0.001138554	4.427106E-05
870	857.75	-0.001114248	3.219879E-05
870	858	-0.001127718	3.403793E-05
870	858.25	-0.001066554	2.700755E-05
870	858.5	-0.001101251	2.868178E-05
870	858.75	-0.001100659	4.122723E-05
870	859	-0.001046186	2.831398E-05
870	859.25	-0.001026024	2.985358E-05
870	859.5	-0.001074636	4.992321E-05
870	859.75	-0.00104284	3.53662E-05
870	860	-0.001011103	2.894543E-05
870	860.25	-0.0009663691	3.301303E-05
870	860.5	-0.0009819711	3.098817E-05
870	860.75	-0.0008979806	3.264015E-05
870	861	-0.0009364973	4.15339E-05
870	861.25	-0.000867576	3.23047E-05
870	861.5	-0.0008161217	2.900006E-05
870	861.75	-0.0007450688	3.10309E-05
870	862	-0.0007224502	3.347792E-05
870	862.25	-0.0007023482	3.912007E-05
870	862.5	-0.0006180616	3.121838E-05
870	862.75	-0.0005653638	2.496324E-05
870	863	-0.0003956953	3.186859E-05
870	863.25	-0.0004103795	4.140568E-05
870	863.5	-0.0001977535	3.398316E-05
870	863.75	-7.175282E-05	3.472407E-05
870	864	4.888937E-05	2.683156E-05
870	864.25	0.0002503251	2.782695E-05
870	864.5	0.0003968429	3.847672E-05
870	864.75	0.0006374764	2.956348E-05
870	865	0.0008169748	4.106891E-05
870	865.25	0.0008559356	3.841334E-05
870	865.5	0.001060539	2.989181E-05
870	865.75	0.001124487	3.3017E-05
870	866	0.001292646	2.849005E-05
870	866.25	0.001339097	3.147735E-05
870	866.5	0.00134943	3.870716E-05
870	866.75	0.001383121	3.897914E-05
870	867	0.001485585	4.79755E-05
870	867.25	0.001390789	3.421153E-05
870	867.5	0.001490204	2.947558E-05
870	867.75	0.001494082	3.264756E-05
870	868	0.001530763	3.088263E-05
870	868.25	0.001530526	3.672275E-05
870	868.5	0.001561257	3.465289E-05
870	868.75	0.001588257	4.018249E-05
870	869	0.001596191	4.191141E-05
870	869.25	0.001607204	3.970081E-05
870	869.5	0.001616382	3.905698E-05
870	869.75	0.001740754	4.13238E-05
870	870	0.001719557	3.049333E-05
870	870.25	0.001760768	3.755113E-05
870	870.5	0.001795968	4.382237E-05
870	870.75	0.001861545	3.700523E-05
870	871	0.001908233	3.353457E-05
870	871.25	0.001909861	3.138912E-05
870	871.5	0.001864357	3.296011E-05
870	871.75	0.001902104	4.613275E-05
870	872	0.001879101	3.649049E-05
870	872.25	0.001820866	3.634194E-05
870	872.5	0.001833952	3.243087E-05
870	872.75	0.001770892	4.267456E-05
870	873	0.001652885	3.537996E-05
870	873.25	0.001632931	4.041708E-05
870	873.5	0.001461633	3.095957E-05
870	873.75	0.001323257	3.398273E-05
870	874	0.001225618	3.836884E-05
870	874.25	0.0009695013	3.597676E-05
870	874.5	0.000774194	3.667708E-05
870	874.75	0.0004679548	2.986931E-05
870	875	0.0002874206	4.461057E-05
870	875.25	-2.663409E-05	3.432944E-05
870	875.5	-0.0002190692	3.208102E-05
870	875.75	-0.0004074185	3.344656E-05
870	876	-0.0005893138	4.453958E-05
870	876.25	-0.0006501824	2.116921E-05
870	876.5	-0.0006957748	2.819247E-05
870	876.75	-0.0008970912	3.315626E-05
870	877	-0.0008825845	2.625586E-05
870	877.25	-0.0009184367	2.683657E-05
870	877.5	-0.0009567758	3.757051E-05
870	877.75	-0.00107724	2.609294E-05
870	878	-0.00106226	4.901084E-05
870	878.25	-0.00113651	4.163958E-05
870	878.5	-0.001083161	3.818641E-05
870	878.75	-0.001087513	3.462459E-05
870	879	-0.001097253	4.194341E-05
870	879.25	-0.001115253	2.817039E-05
870	879.5	-0.001150336	3.445107E-05
870	879.75	-0.001096336	3.049817E-05
870	880	-0.001138168	3.925032E-05
870	880.25	-0.001102227	3.917575E-05
870	880.5	-0.001085204	2.863747E-05
870	880.75	-0.001117592	3.37866E-05
870	881	-0.001104566	2.649126E-05
870	881.25	-0.001092043	3.543358E-05
870	881.5	-0.001056072	3.042197E-05
870	881.75	-0.001100777	2.662211E-05
870	882	-0.001112115	3.083609E-05
870	882.25	-0.001131626	2.994316E-05
870	882.5	-0.00115608	3.442784E-05
870	882.75	-0.001141307	3.409646E-05
870	883	-0.001156997	4.034045E-05
870	883.25	-0.001131596	4.054403E-05
870	883.5	-0.001111554	4.153654E-05
870	883.75	-0.001190896	2.822908E-05
870	884	-0.001221567	3.827344E-05
870	884.25	-0.001217127	4.142745E-05
870	884.5	-0.001227103	3.721905E-05
870	884.75	-0.001230242	2.851959E-05
870	885	-0.001193915	3.244024E-05
870	885.25	-0.00120632	3.633566E-05
870	885.5	-0.001221685	3.978484E-05
870	885.75	-0.001230804	3.491497E-05
870	886	-0.001154393	2.929876E-05
870	886.25	-0.001181156	3.846299E-05
870	886.5	-0.001226245	2.597904E-05
870	886.75	-0.001193264	2.957743E-05
870	887	-0.001235127	3.513513E-05
870	887.25	-0.00119134	3.164472E-05
870	887.5	-0.001180623	3.287914E-05
870	887.75	-0.001227163	2.911485E-05
870	888	-0.0012319	3.180721E-05
870	888.25	-0.001246702	4.408099E-05
870	888.5	-0.001221508	2.769431E-05
870	888.75	-0.00128217	4.433708E-05
870	889	-0.001206261	3.669525E-05
870	889.25	-0.001208659	3.727647E-05
870	889.5	-0.00117858	3.51808E-05
870	889.75	-0.001188202	5.07095E-05
870	890	-0.001267071	2.589419E-05
870	890.25	-0.001266715	2.927185E-05
870	890.5	-0.001219435	3.189083E-05
870	890.75	-0.001280304	2.414657E-05
870	891	-0.001189386	3.701859E-05
870	891.25	-0.001207061	4.120119E-05
870	891.5	-0.001238324	3.24923E-05
870	891.75	-0.001213278	3.608927E-05
870	892	-0.001184649	3.777263E-05
870	892.25	-0.001214847	4.051617E-05
870	892.5	-0.001257627	2.917437E-05
870	892.75	-0.001228051	2.994727E-05
870	893	-0.001168988	3.571274E-05
870	893.25	-0.001275656	3.238564E-05
870	893.5	-0.001248686	3.258436E-05
870	893.75	-0.001239774	3.343276E-05
870	894	-0.001260409	3.264117E-05
870	894.25	-0.001299192	2.744718E-05
870	894.5	-0.001262955	3.956452E-05
870	894.75	-0.001250876	3.284124E-05
870	895	-0.001237228	4.201803E-05
870	895.25	-0.001219346	3.609886E-05
870	895.5	-0.001229708	2.841433E-05
870	895.75	-0.001204248	3.254219E-05
870	896	-0.001221507	4.198865E-05
870	896.25	-0.001252149	3.611005E-05
870	896.5	-0.001207533	3.053539E-05
870	896.75	-0.001224379	3.19778E-05
870	897	-0.001229915	3.955848E-05
870	897.25	-0.001235333	2.69231E-05
870	897.5	-0.001229116	3.700046E-05
870	897.75	-0.001205579	2.534015E-05
870	898	-0.001283649	2.549701E-05
870	898.25	-0.001231898	3.538538E-05
870	898.5	-0.001304432	3.198871E-05
870	898.75	-0.001237435	3.572055E-05
870	899	-0.001237731	3.890601E-05
870	899.25	-0.001265352	4.181729E-05
870	899.5	-0.001186454	3.288595E-05
870	899.75	-0.001220204	3.340924E-05
940	900	-0.0009653907	2.378316E-05
940	900.25	-0.001020871	2.501622E-05
940	900.5	-0.00103147	2.214691E-05
940	900.75	-0.0009863218	3.409177E-05
940	901	-0.001008822	2.512531E-05
940	901.25	-0.001036888	2.648157E-05
940	901.5	-0.001020546	2.950687E-05
940	901.75	-0.001032121	2.413661E-05
940	902	-0.001036295	2.403883E-05
940	902.25	-0.001022588	2.210015E-05
940	902.5	-0.0009723481	2.830222E-05
940	902.75	-0.0009986082	2.567126E-05
940	903	-0.0009537262	3.313488E-05
940	903.25	-0.0009933088	3.439385E-05
940	903.5	-0.0009483381	2.546278E-05
940	903.75	-0.0009092886	2.434677E-05
940	904	-0.0008786472	3.282319E-05
940	904.25	-0.0007166169	2.630525E-05
940	904.5	-0.0006749032	2.495296E-05
940	904.75	-0.0005895804	2.104971E-05
940	905	-0.0005235901	2.896638E-05
940	905.25	-0.0006222352	3.197754E-05
940	905.5	-0.0007379922	2.435118E-05
940	905.75	-0.0007528837	2.492343E-05
940	906	-0.0008571539	3.476062E-05
940	906.25	-0.0009192659	2.471857E-05
940	906.5	-0.000958286	2.705522E-05
940	906.75	-0.0009460885	2.836255E-05
940	907	-0.0009914145	3.161348E-05
940	907.25	-0.0009860855	1.990018E-05
940	907.5	-0.001005181	3.414743E-05
940	907.75	-0.0009441643	2.939631E-05
940	908	-0.0009526315	3.147875E-05
940	908.25	-0.001004915	4.115075E-05
940	908.5	-0.00100675	2.29881E-05
940	908.75	-0.001049826	2.033073E-05
940	909	-0.0009980463	4.197124E-05
940	909.25	-0.001041774	3.210184E-05
940	909.5	-0.001030731	2.968011E-05
940	909.75	-0.0009930434	3.389655E-05
940	910	-0.0009402863	3.539657E-05
940	910.25	-0.00104805	3.409242E-05
940	910.5	-0.001003198	3.091127E-05
940	910.75	-0.0009785366	2.474977E-05
940	911	-0.000996004	3.221757E-05
940	911.25	-0.001068063	2.792243E-05
940	911.5	-0.001071468	2.427862E-05
940	911.75	-0.001042751	3.501664E-05
940	912	-0.001034076	2.81079E-05
940	912.25	-0.0009528985	2.727808E-05
940	912.5	-0.0009775894	2.973742E-05
940	912.75	-0.001004205	2.933567E-05
940	913	-0.001000504	2.667618E-05
940	913.25	-0.0009992902	3.486133E-05
940	913.5	-0.000960359	2.499921E-05
940	913.75	-0.0009419445	3.612259E-05
940	914	-0.0009193854	2.503095E-05
940	914.25	-0.0009134641	3.1105E-05
940	914.5	-0.0008759244	1.806791E-05
940	914.75	-0.0008653254	2.880332E-05
940	915	-0.0008000457	2.34412E-05
940	915.25	-0.0007988614	3.392639E-05
940	915.5	-0.0006307621	2.713769E-05
940	915.75	-0.0005486662	2.07335E-05
940	916	-0.0004132511	2.868641E-05
940	916.25	-0.0002601024	2.91618E-05
940	916.5	-0.0001538191	2.528519E-05
940	916.75	-0.000157727	2.784934E-05
940	917	-0.0001881909	2.60502E-05
940	917.25	-0.0003096322	2.702279E-05
940	917.5	-0.0003672739	2.843444E-05
940	917.75	-0.0004504948	2.38328E-05
940	918	-0.0005542616	2.954886E-05
940	918.25	-0.000623775	2.724043E-05
940	918.5	-0.0006439066	2.84642E-05
940	918.75	-0.0006923708	2.8843E-05
940	919	-0.0007497755	3.087181E-05
940	919.25	-0.0007366602	3.477591E-05
940	919.5	-0.0008345651	2.351236E-05
940	919.75	-0.0007818971	3.55916E-05
940	920	-0.000838177	1.959905E-05
940	920.25	-0.0008393906	3.251529E-05
940	920.5	-0.0007400351	3.173246E-05
940	920.75	-0.0008302132	2.85959E-05
940	921	-0.0008492493	2.498193E-05
940	921.25	-0.000798328	2.463172E-05
940	921.5	-0.0008289399	2.930889E-05
940	921.75	-0.0008297097	2.036825E-05
940	922	-0.0008034199	2.701929E-05
940	922.25	-0.0008307753	3.304396E-05
940	922.5	-0.0008568278	3.113943E-05
940	922.75	-0.0007781665	3.190317E-05
940	923	-0.000835897	2.41908E-05
940	923.25	-0.000851943	2.914308E-05
940	923.5	-0.000828969	3.229249E-05
940	923.75	-0.0008462883	2.753501E-05
940	924	-0.0008295909	2.318348E-05
940	924.25	-0.0008659757	2.090902E-05
940	924.5	-0.0008403966	3.145925E-05
940	924.75	-0.0008549624	2.282709E-05
940	925	-0.000861831	3.127934E-05
940	925.25	-0.0008572419	2.871303E-05
940	925.5	-0.0008590775	2.425786E-05
940	925.75	-0.0008939229	2.743993E-05
940	926	-0.0008702979	1.908054E-05
940	926.25	-0.0008768111	3.079447E-05
940	926.5	-0.000859107	2.798252E-05
940	926.75	-0.0008942781	2.041936E-05
940	927	-0.0008678998	2.353481E-05
940	927.25	-0.0008405443	2.51568E-05
940	927.5	-0.0008321956	2.475787E-05
940	927.75	-0.000803952	2.566285E-05
940	928	-0.0008250311	3.210542E-05
940	928.25	-0.0008348304	2.501349E-05
940	928.5	-0.0008180148	3.146688E-05
940	928.75	-0.0008435643	2.11426E-05
940	929	-0.0007750868	3.09518E-05
940	929.25	-0.0007143071	2.379219E-05
940	929.5	-0.0007347939	2.933508E-05
940	929.75	-0.00069459	3.318058E-05
940	930	-0.0006343431	2.066032E-05
940	930.25	-0.0005986095	2.606046E-05
940	930.5	-0.0005960043	2.858373E-05
940	930.75	-0.0004167439	3.447989E-05
940	931	-0.0004169806	3.265511E-05
940	931.25	-0.0003896846	3.213835E-05
940	931.5	-0.0003548094	3.064605E-05
940	931.75	-0.0002721809	2.284145E-05
940	932	-0.0003175362	2.488062E-05
940	932.25	-0.0001519833	2.459683E-05
940	932.5	-4.407165E-05	3.050977E-05
940	932.75	4.628405E-05	3.043482E-05
940	933	0.0001417319	2.357798E-05
940	933.25	0.0003387858	2.560215E-05
940	933.5	0.0004799151	2.197713E-05
940	933.75	0.0007069593	2.490496E-05
940	934	0.000914612	2.837667E-05
940	934.25	0.001185502	2.592996E-05
940	934.5	0.001582274	2.293434E-05
940	934.75	0.002056435	3.693164E-05
940	935	0.002475738	3.046015E-05
940	935.25	0.003117288	3.075827E-05
940	935.5	0.003748122	3.489155E-05
940	935.75	0.004549927	3.562061E-05
940	936	0.005386105	4.185821E-05
940	936.25	0.006392897	3.572581E-05
940	936.5	0.007509766	3.4547E-05
940	936.75	0.00865597	3.586801E-05
940	937	0.01019883	3.302256E-05
940	937.25	0.01176591	3.740027E-05
940	937.5	0.01341487	3.95202E-05
940	937.75	0.01486142	3.751318E-05
940	938	0.01583364	2.755141E-05
940	938.25	0.01616164	3.322675E-05
940	938.5	0.01621747	3.660017E-05
940	938.75	0.01575463	3.533682E-05
940	939	0.01529293	4.617378E-05
940	939.25	0.01464916	3.546483E-05
940	939.5	0.01415753	4.725362E-05
940	939.75	0.01357462	4.733699E-05
940	940	0.01305011	4.333965E-05
940	940.25	0.01253802	4.6104E-05
940	940.5	0.01216706	5.350608E-05
940	940.75	0.01177219	4.780949E-05
940	941	0.01141825	4.779662E-05
940	941.25	0.01097216	4.590082E-05
940	941.5	0.01062175	4.04841E-05
940	941.75	0.0102663	4.653315E-05
940	942	0.009805138	5.418808E-05
940	942.25	0.009431872	5.839283E-05
940	942.5	0.009068791	4.360018E-05
940	942.75	0.008649074	4.272466E-05
940	943	0.008425613	4.370195E-05
940	943.25	0.00824715	3.883255E-05
940	943.5	0.007956632	5.283873E-05
940	943.75	0.007747232	5.094871E-05
940	944	0.007463403	3.413697E-05
940	944.25	0.007277718	4.874107E-05
940	944.5	0.006973935	3.129363E-05
940	944.75	0.006574439	4.001061E-05
940	945	0.006088643	3.05651E-05
940	945.25	0.005377045	3.17216E-05
940	945.5	0.004609525	2.939945E-05
940	945.75	0.003833623	2.577235E-05
940	946	0.00304141	3.34519E-05
940	946.25	0.002259263	3.249283E-05
940	946.5	0.001623959	3.328189E-05
940	946.75	0.001137216	2.293006E-05
940	947	0.0007267362	3.429662E-05
940	947.25	0.0004030594	2.662125E-05
940	947.5	0.0001456992	4.004072E-05
940	947.75	-8.54304E-05	2.733864E-05
940	948	-0.000261079	2.480644E-05
940	948.25	-0.000448096	3.147108E-05
940	948.5	-0.0004916158	2.452503E-05
940	948.75	-0.0005719056	2.38234E-05
940	949	-0.000710873	3.77863E-05
940	949.25	-0.000752498	3.431751E-05
940	949.5	-0.0007169124	2.338943E-05
940	949.75	-0.0007855673	3.175422E-05
940	950	-0.0008421429	2.549872E-05
940	950.25	-0.0008908733	2.150837E-05
940	950.5	-0.0008873797	3.135508E-05
940	950.75	-0.0008471757	3.23433E-05
940	951	-0.0008991033	3.016046E-05
940	951.25	-0.0009139357	1.562444E-05
940	951.5	-0.0009985477	3.405357E-05
940	951.75	-0.0009481002	3.307383E-05
940	952	-0.000941972	2.838526E-05
940	952.25	-0.001003314	3.028329E-05
940	952.5	-0.00107034	2.780289E-05
940	952.75	-0.001070903	2.523239E-05
940	953	-0.001085024	2.347453E-05
940	953.25	-0.001048847	2.99732E-05
940	953.5	-0.001048136	2.422132E-05
940	953.75	-0.001034784	3.05614E-05
940	954	-0.001071051	3.905515E-05
940	954.25	-0.001062317	2.146594E-05
940	954.5	-0.001028774	2.9455E-05
940	954.75	-0.001095416	3.814896E-05
940	955	-0.001094705	3.154368E-05
940	955.25	-0.001062258	2.768127E-05
940	955.5	-0.001124251	2.657159E-05
940	955.75	-0.001108442	2.611192E-05
940	956	-0.001090708	2.102149E-05
940	956.25	-0.00111836	3.040403E-05
940	956.5	-0.001039254	2.442641E-05
940	956.75	-0.001087777	3.249259E-05
940	957	-0.001106606	2.72518E-05
940	957.25	-0.001091537	2.128559E-05
940	957.5	-0.001063945	2.334768E-05
940	957.75	-0.00110853	3.052656E-05
940	958	-0.001113948	2.715154E-05
940	958.25	-0.001105244	2.680039E-05
940	958.5	-0.001109004	2.292355E-05
940	958.75	-0.001122386	2.905321E-05
940	959	-0.001031971	3.147547E-05
940	959.25	-0.001072027	2.307331E-05
940	959.5	-0.001092543	2.766913E-05
940	959.75	-0.001067705	3.161362E-05
940	960	-0.001147017	3.242269E-05
940	960.25	-0.001106488	3.234927E-05
940	960.5	-0.001099234	3.079971E-05
940	960.75	-0.001084876	3.075259E-05
940	961	-0.001053761	3.232843E-05
940	961.25	-0.001105926	2.842147E-05
940	961.5	-0.001070399	2.79629E-05
940	961.75	-0.001064182	2.231644E-05
940	962	-0.001107554	2.559914E-05
940	962.25	-0.001089939	3.098301E-05
940	962.5	-0.001132837	2.650624E-05
940	962.75	-0.001052755	2.886676E-05
940	963	-0.001110929	2.448165E-05
940	963.25	-0.001120669	3.313842E-05
940	963.5	-0.001098495	3.151952E-05
940	963.75	-0.001116909	2.50045E-05
940	964	-0.001094557	2.767815E-05
940	964.25	-0.00102386	2.875897E-05
940	964.5	-0.001168955	3.066649E-05
940	964.75	-0.001098702	2.962175E-05
940	965	-0.001079489	2.423265E-05
940	965.25	-0.001100863	2.906031E-05
940	965.5	-0.001088696	3.074873E-05
940	965.75	-0.001086298	3.328999E-05
940	966	-0.001024659	3.062302E-05
940	966.25	-0.001104209	2.707355E-05
940	966.5	-0.001096245	1.990994E-05
940	966.75	-0.001063946	2.719318E-05
940	967	-0.001104239	3.682668E-05
940	967.25	-0.001042156	2.661132E-05
940	967.5	-0.001074071	3.160396E-05
940	967.75	-0.001025577	2.35472E-05
940	968	-0.001036058	3.280902E-05
940	968.25	-0.001062939	3.20678E-05
940	968.5	-0.001054294	2.639672E-05
940	968.75	-0.00109737	2.741683E-05
940	969	-0.001074722	2.887278E-05
940	969.25	-0.00107262	2.434568E-05
940	969.5	-0.001087008	2.414899E-05
940	969.75	-0.001118804	2.056053E-05
