MULTIFILTER 7 21 24221   42514.00000
LAMBDAS
Si					0  7 14 TABLENL
414_nm.					1  8 15 TABLE
499_nm.					2  9 16 KEY TABLE
608_nm.					3 10 17 TABLE
662_nm.					4 11 18 TABLE
859_nm.					5 12 19 TABLE
934_nm.					6 13 20 TABLENL
END
SN1
1.95000 0.48400 0.59471 0.65631 0.71235 0.76085 0.80776 0.85050 0.89204 0.93395
0.96936 0.99869 1.01816 1.02207 1.01299 1.00810 1.00251 0.99909 0.99613 0.99480
0.99322 0.99291 0.99226 0.99164 0.99123 0.99014 0.98972 0.98995 0.99024 0.98948
0.98930 0.98950 0.98872 0.98858 0.98798 0.98705 0.98648 0.98570 0.98492 0.98419
0.98322 0.98263 0.98140 0.98030 0.98006 0.97937 0.97881 0.97819 0.97800 0.97788
0.97794 0.97820 0.97750 0.97760 0.97785 0.97856 0.97902 0.98001 0.98068 0.98185
0.98258 0.98322 0.98418 0.98574 0.98683 0.98795 0.98911 0.99027 0.99089 0.99276
0.99338 0.99441 0.99544 0.99608 0.99687 0.99741 0.99839 0.99936 0.99924 0.99959
0.99978 1.00052 0.99982 1.00068 1.00059 1.00037 1.00034 1.00092 1.00043 0.99975
1.00000
0.99866 0.99795 0.99718 0.99683 0.99640 0.99563 0.99507 0.99462 0.99444 0.99418
0.99326 0.99293 0.99196 0.99129 0.99013 0.98942 0.98811 0.98762 0.98605 0.98559
0.98379 0.98290 0.98237 0.98111 0.97960 0.97866 0.97724 0.97642 0.97527 0.97439
0.97340 0.97212 0.97089 0.97023 0.96977 0.96923 0.96836 0.96807 0.96817 0.96790
0.96797 0.96749 0.96757 0.96812 0.96758 0.96814 0.96908 0.96914 0.97013 0.96972
0.97065 0.97095 0.97157 0.97121 0.97152 0.97140 0.97068 0.97061 0.97039 0.97001
0.96936 0.96855 0.96702 0.96621 0.96508 0.96430 0.96400 0.96293 0.96263 0.96267
0.96201 0.96240 0.96478 0.96618 0.96847 0.97366 0.97881 0.98399 0.98759 0.97425
0.94635 0.90978 0.86971 0.82778 0.78245 0.73491 0.68182 0.63002 0.57008 1.95000 
END
SN2
1.95000 0.25736 0.51481 0.58321 0.71658 0.74610 0.80732 0.85858 0.90709 0.93555
0.94921 0.98351 1.00129 0.99200 0.98754 0.97579 0.96291 0.96215 0.95668 0.96020
0.95908 0.95170 0.95595 0.94985 0.95104 0.95202 0.96027 0.95376 0.95131 0.95560
0.95644 0.95468 0.95375 0.95596 0.95421 0.95537 0.95509 0.96177 0.96020 0.96013
0.96240 0.96544 0.96830 0.97004 0.97131 0.97216 0.96973 0.97813 0.97502 0.97509
0.97608 0.97943 0.97305 0.97792 0.98219 0.98242 0.98470 0.98532 0.98791 0.99216
0.98822 0.99209 0.99279 0.99126 0.99528 0.99446 0.99459 0.99783 0.99816 0.99697
0.99936 0.99932 1.00166 0.99822 1.00143 1.00030 1.00252 1.00053 1.00484 1.00131
1.00399 1.00506 0.99914 1.00086 0.99928 1.00092 1.00016 1.00011 1.00207 0.99682
1.00000
0.99848 0.99676 0.99776 0.99722 0.99583 0.99890 0.99716 0.99749 0.99992 1.00022
0.99826 0.99813 0.99578 0.99719 0.99357 0.99591 0.99065 0.99354 0.99237 0.99360
0.98782 0.98730 0.98725 0.98643 0.98766 0.98312 0.98175 0.98042 0.98388 0.97883
0.97716 0.97856 0.97554 0.96980 0.97037 0.96764 0.97178 0.96554 0.96538 0.96306
0.95909 0.95913 0.95384 0.95085 0.95162 0.95182 0.94903 0.94933 0.94433 0.94557
0.94061 0.93771 0.93209 0.93459 0.93479 0.93157 0.92766 0.92774 0.91874 0.92269
0.92086 0.91970 0.91449 0.91657 0.91659 0.91649 0.91937 0.91171 0.91666 0.91660
0.90805 0.91197 0.91618 0.92156 0.92044 0.92888 0.92484 0.94745 0.94730 0.93804
0.92815 0.89022 0.88148 0.83141 0.75703 0.72927 0.67878 0.58013 0.65121 1.95000 
END
SN3
1.95000 0.44741 0.59092 0.64509 0.72341 0.78273 0.82265 0.87938 0.91575 0.94928
0.97341 1.00542 1.01686 1.02335 1.00639 0.99923 0.98966 0.97901 0.97316 0.97097
0.96597 0.96485 0.96002 0.95673 0.95938 0.96148 0.95947 0.95943 0.95410 0.95613
0.95569 0.95784 0.95794 0.95723 0.95881 0.96027 0.95999 0.96033 0.96238 0.96221
0.96208 0.96558 0.96610 0.96877 0.96984 0.96936 0.97186 0.97494 0.97541 0.97731
0.98035 0.97872 0.98145 0.98534 0.98667 0.98660 0.98826 0.98965 0.99164 0.99285
0.99450 0.99624 0.99632 0.99674 0.99734 0.99735 0.99867 0.99988 1.00169 1.00178
1.00380 1.00383 1.00368 1.00396 1.00338 1.00452 1.00365 1.00344 1.00761 1.00549
1.00547 1.00318 1.00361 1.00436 1.00389 1.00303 1.00236 1.00247 1.00215 1.00145
1.00000
0.99942 0.99990 0.99985 0.99904 0.99935 0.99973 1.00020 1.00053 1.00079 1.00140
1.00014 0.99990 0.99817 0.99929 0.99775 0.99773 0.99742 0.99579 0.99586 0.99673
0.99429 0.99239 0.99341 0.99164 0.98944 0.98894 0.98808 0.98776 0.98406 0.98296
0.98242 0.97972 0.98080 0.97718 0.97545 0.97339 0.97187 0.97080 0.96908 0.96636
0.96203 0.96139 0.95921 0.95534 0.95610 0.95312 0.95219 0.94945 0.94519 0.94547
0.94299 0.94086 0.94044 0.93842 0.93712 0.93607 0.93331 0.93269 0.93219 0.92956
0.92978 0.92920 0.92695 0.92542 0.92786 0.92715 0.92847 0.93077 0.92815 0.93167
0.93208 0.93530 0.94144 0.93908 0.94825 0.95208 0.95849 0.96769 0.97900 0.97374
0.96341 0.93143 0.90157 0.86132 0.82264 0.77731 0.75836 0.73134 0.69028 1.95000 
END
SN4
1.95000 0.59991 0.64211 0.69898 0.74059 0.79543 0.84364 0.88426 0.92695 0.95262
0.98206 1.00920 1.01705 1.01913 1.00366 0.99484 0.98964 0.98331 0.97756 0.97475
0.97146 0.96885 0.96414 0.96321 0.96675 0.96626 0.96717 0.96700 0.96422 0.96565
0.96604 0.96460 0.96473 0.96671 0.96729 0.96836 0.96772 0.96954 0.96950 0.97197
0.97190 0.97159 0.97272 0.97519 0.97557 0.97562 0.97653 0.98008 0.98041 0.98154
0.98280 0.98188 0.98434 0.98643 0.98691 0.98806 0.98801 0.98944 0.99141 0.99108
0.99250 0.99341 0.99528 0.99547 0.99595 0.99580 0.99672 0.99838 0.99877 0.99967
1.00069 1.00178 1.00178 1.00111 1.00110 1.00216 1.00164 1.00221 1.00486 1.00226
1.00303 1.00266 1.00130 1.00232 1.00179 1.00094 1.00057 1.00166 1.00118 1.00008
1.00000
0.99909 0.99836 0.99697 0.99645 0.99755 0.99867 0.99878 0.99853 0.99834 0.99914
0.99848 0.99908 0.99740 0.99773 0.99696 0.99675 0.99624 0.99539 0.99509 0.99559
0.99398 0.99273 0.99305 0.99124 0.99075 0.99032 0.98807 0.98894 0.98642 0.98535
0.98521 0.98327 0.98317 0.98086 0.97948 0.97819 0.97716 0.97680 0.97596 0.97138
0.97128 0.96914 0.96880 0.96619 0.96479 0.96407 0.96182 0.96085 0.95869 0.95743
0.95649 0.95469 0.95350 0.95372 0.95146 0.94912 0.94970 0.94689 0.94530 0.94377
0.94349 0.94258 0.94107 0.94231 0.94258 0.94074 0.94125 0.94281 0.94392 0.94583
0.94674 0.94843 0.95183 0.95491 0.96155 0.96673 0.97927 0.98724 0.99679 0.99067
0.97215 0.94227 0.89804 0.86340 0.81701 0.77117 0.73171 0.67049 0.63070 1.95000 
END
SN5
1.95000 0.58137 0.66700 0.73521 0.77482 0.81648 0.85774 0.89612 0.93079 0.95606
0.97961 1.00972 1.02013 1.01867 1.00528 0.99567 0.98843 0.98171 0.97821 0.97439
0.97167 0.96818 0.96523 0.96420 0.96574 0.96518 0.96619 0.96605 0.96441 0.96525
0.96550 0.96501 0.96534 0.96526 0.96690 0.96827 0.96777 0.96952 0.96905 0.97080
0.96980 0.97255 0.97262 0.97458 0.97533 0.97535 0.97691 0.97922 0.97881 0.98087
0.98207 0.98138 0.98295 0.98571 0.98719 0.98753 0.98872 0.98939 0.99125 0.99142
0.99270 0.99399 0.99534 0.99509 0.99542 0.99676 0.99733 0.99829 0.99932 0.99906
1.00033 1.00128 1.00091 1.00107 1.00118 1.00189 1.00133 1.00091 1.00407 1.00238
1.00239 1.00128 1.00066 1.00122 1.00133 1.00112 0.99998 1.00104 1.00077 0.99994
1.00000
0.99908 0.99786 0.99690 0.99605 0.99677 0.99846 0.99857 0.99779 0.99793 0.99861
0.99830 0.99822 0.99703 0.99715 0.99667 0.99690 0.99582 0.99562 0.99536 0.99576
0.99302 0.99250 0.99286 0.99164 0.99112 0.99036 0.98859 0.98800 0.98618 0.98507
0.98489 0.98338 0.98267 0.98001 0.97995 0.97827 0.97703 0.97728 0.97563 0.97239
0.97133 0.97048 0.96951 0.96587 0.96660 0.96421 0.96268 0.96157 0.95928 0.95954
0.95710 0.95574 0.95438 0.95412 0.95170 0.95252 0.95125 0.94825 0.94678 0.94580
0.94577 0.94574 0.94499 0.94607 0.94445 0.94348 0.94437 0.94538 0.94510 0.94925
0.95005 0.95377 0.95688 0.96238 0.96860 0.97463 0.98406 0.99395 1.00246 0.99579
0.97290 0.94019 0.89964 0.85009 0.80126 0.75132 0.68153 0.63513 0.59814 1.95000 
END
SN6
1.95000 0.57358 0.67232 0.71790 0.76777 0.81394 0.85259 0.88945 0.92768 0.95647
0.98663 1.01377 1.02871 1.03121 1.01683 1.00796 1.00188 0.99503 0.99053 0.98644
0.98407 0.98097 0.97720 0.97633 0.97764 0.97739 0.97732 0.97648 0.97452 0.97568
0.97578 0.97509 0.97483 0.97598 0.97578 0.97702 0.97641 0.97779 0.97766 0.97866
0.97842 0.97970 0.98027 0.98246 0.98275 0.98248 0.98336 0.98534 0.98554 0.98691
0.98763 0.98714 0.98820 0.99074 0.99236 0.99193 0.99267 0.99358 0.99505 0.99545
0.99621 0.99680 0.99812 0.99716 0.99750 0.99843 0.99874 0.99955 1.00056 1.00074
1.00147 1.00219 1.00152 1.00204 1.00192 1.00185 1.00152 1.00107 1.00379 1.00205
1.00252 1.00126 1.00089 1.00141 1.00163 1.00108 1.00035 1.00185 1.00114 1.00044
1.00000
0.99895 0.99742 0.99659 0.99545 0.99591 0.99695 0.99674 0.99626 0.99641 0.99695
0.99616 0.99639 0.99520 0.99571 0.99505 0.99502 0.99421 0.99389 0.99406 0.99450
0.99223 0.99191 0.99255 0.99132 0.99076 0.99065 0.98876 0.98878 0.98725 0.98623
0.98666 0.98520 0.98471 0.98262 0.98214 0.98103 0.97999 0.98076 0.97921 0.97686
0.97607 0.97466 0.97370 0.97135 0.97146 0.96988 0.96912 0.96802 0.96573 0.96589
0.96428 0.96339 0.96212 0.96249 0.96010 0.96068 0.95986 0.95796 0.95725 0.95556
0.95614 0.95616 0.95570 0.95648 0.95607 0.95684 0.95848 0.95962 0.95998 0.96363
0.96551 0.96905 0.97409 0.97716 0.98396 0.99019 1.00100 1.00922 1.01284 1.00386
0.97491 0.93735 0.89076 0.84564 0.79526 0.73655 0.67393 0.62211 0.55938 1.95000 
END
SN7
1.95000 0.51766 0.61847 0.68014 0.73729 0.78950 0.83586 0.88177 0.92369 0.95774
0.99117 1.02203 1.03814 1.04063 1.02779 1.01832 1.01166 1.00444 0.99950 0.99496
0.99176 0.98805 0.98460 0.98268 0.98367 0.98266 0.98216 0.98089 0.97934 0.97963
0.97934 0.97865 0.97841 0.97911 0.97951 0.98029 0.98001 0.98130 0.98121 0.98244
0.98222 0.98346 0.98406 0.98534 0.98606 0.98603 0.98655 0.98825 0.98846 0.98944
0.98996 0.98979 0.99078 0.99267 0.99394 0.99400 0.99489 0.99560 0.99679 0.99721
0.99790 0.99851 0.99964 0.99916 0.99940 1.00009 1.00022 1.00108 1.00179 1.00201
1.00247 1.00321 1.00250 1.00270 1.00252 1.00247 1.00217 1.00183 1.00412 1.00243
1.00270 1.00179 1.00117 1.00178 1.00179 1.00150 1.00083 1.00180 1.00132 1.00038
1.00000
0.99890 0.99737 0.99659 0.99544 0.99574 0.99624 0.99589 0.99558 0.99582 0.99604
0.99564 0.99577 0.99456 0.99488 0.99456 0.99428 0.99394 0.99355 0.99360 0.99385
0.99183 0.99146 0.99209 0.99099 0.99052 0.99043 0.98865 0.98856 0.98717 0.98604
0.98629 0.98492 0.98430 0.98226 0.98156 0.98070 0.97992 0.97985 0.97871 0.97684
0.97586 0.97486 0.97374 0.97159 0.97163 0.96975 0.96918 0.96813 0.96623 0.96587
0.96482 0.96336 0.96216 0.96232 0.96045 0.96030 0.95951 0.95795 0.95734 0.95608
0.95656 0.95667 0.95636 0.95731 0.95755 0.95795 0.95981 0.96109 0.96289 0.96588
0.96812 0.97165 0.97635 0.97990 0.98652 0.99323 1.00339 1.01207 1.01575 1.00460
0.97654 0.94151 0.90024 0.85519 0.81155 0.76154 0.70713 0.65377 0.61649 1.95000 
END
WE1
1.95000 0.60101 0.64419 0.69451 0.73602 0.77762 0.82124 0.85801 0.89731 0.93349
0.96467 0.99091 1.00554 1.00566 0.99814 0.99183 0.98989 0.98732 0.98552 0.98394
0.98345 0.98278 0.98273 0.98257 0.98253 0.98311 0.98321 0.98335 0.98467 0.98358
0.98333 0.98522 0.98488 0.98559 0.98532 0.98510 0.98465 0.98353 0.98325 0.98194
0.98138 0.98040 0.97923 0.97925 0.97798 0.97814 0.97779 0.97738 0.97738 0.97708
0.97720 0.97728 0.97737 0.97694 0.97695 0.97782 0.97847 0.97943 0.98017 0.98126
0.98159 0.98274 0.98366 0.98407 0.98503 0.98586 0.98680 0.98781 0.98909 0.98974
0.99099 0.99169 0.99268 0.99343 0.99452 0.99532 0.99569 0.99630 0.99671 0.99750
0.99797 0.99880 0.99863 0.99908 0.99857 0.99914 0.99903 0.99904 0.99946 0.99986
1.00000
0.99937 0.99851 0.99840 0.99761 0.99737 0.99723 0.99672 0.99644 0.99688 0.99589
0.99489 0.99458 0.99318 0.99265 0.99178 0.99131 0.99004 0.98932 0.98821 0.98675
0.98556 0.98495 0.98361 0.98196 0.98101 0.97968 0.97853 0.97765 0.97605 0.97513
0.97371 0.97291 0.97165 0.97124 0.96986 0.96953 0.96903 0.96868 0.96860 0.96774
0.96762 0.96771 0.96778 0.96749 0.96699 0.96719 0.96722 0.96785 0.96766 0.96814
0.96860 0.96839 0.96789 0.96838 0.96744 0.96714 0.96640 0.96578 0.96429 0.96346
0.96257 0.96082 0.95982 0.95868 0.95621 0.95547 0.95441 0.95325 0.95197 0.95168
0.95105 0.95061 0.95145 0.95171 0.95425 0.95787 0.96198 0.96270 0.95503 0.93534
0.90897 0.87195 0.83119 0.78818 0.74002 0.69157 0.64011 0.57539 0.47681 1.95000 
END
WE2
1.95000 0.31071 0.52867 0.60602 0.70989 0.73291 0.80653 0.84344 0.89418 0.93482
0.94290 0.98089 0.99059 0.97680 0.96904 0.95650 0.95679 0.94682 0.94228 0.94571
0.94519 0.94604 0.94108 0.94536 0.94379 0.94601 0.94812 0.94532 0.95047 0.95311
0.95594 0.95001 0.95397 0.95661 0.95696 0.95859 0.96356 0.96076 0.96685 0.97128
0.97422 0.97682 0.97909 0.97742 0.98067 0.97802 0.98182 0.98593 0.98529 0.98764
0.99110 0.98690 0.98758 0.99135 0.99355 0.99042 0.99338 0.98876 0.98832 0.99225
0.99116 0.99007 0.99580 0.99770 0.99759 1.00080 1.00362 1.00585 1.00398 1.00576
1.00350 1.00885 1.00624 1.00828 1.00851 1.00823 1.00527 1.00415 1.00522 1.00374
1.00736 1.00559 1.00294 1.00246 1.00270 1.00242 1.00309 0.99984 1.00105 0.99787
1.00000
0.99879 0.99846 0.99533 0.99820 0.99540 0.99467 0.99325 0.99333 0.98405 0.99084
0.98943 0.98577 0.98528 0.98591 0.98013 0.97782 0.98096 0.97799 0.97758 0.97457
0.97525 0.97212 0.97473 0.97630 0.97514 0.97414 0.96957 0.96810 0.96808 0.96599
0.96292 0.96178 0.96192 0.95845 0.95798 0.95346 0.95441 0.94936 0.94613 0.94734
0.94484 0.94275 0.94438 0.93422 0.93495 0.93373 0.93511 0.93291 0.93383 0.92806
0.92880 0.92436 0.92410 0.92318 0.92387 0.91958 0.91416 0.91908 0.91273 0.91856
0.92216 0.91204 0.91617 0.91381 0.91373 0.91973 0.91385 0.92879 0.92424 0.91088
0.92884 0.91204 0.92897 0.93736 0.94491 0.94380 0.96816 0.97222 0.97553 0.96019
0.94114 0.95593 0.90053 0.84992 0.80960 0.80424 0.75264 0.72607 0.85981 1.95000 
END
WE3
1.95000 0.53709 0.64696 0.70696 0.74200 0.79113 0.84305 0.88260 0.92362 0.95266
0.98043 1.00436 1.01266 1.00496 0.99688 0.99205 0.97599 0.97134 0.96152 0.96084
0.95707 0.95693 0.95338 0.95286 0.95231 0.95145 0.94919 0.94780 0.94910 0.95561
0.95720 0.94718 0.95150 0.95320 0.95324 0.95564 0.95755 0.96051 0.96389 0.96472
0.96516 0.96904 0.97113 0.97194 0.97428 0.97466 0.97632 0.97896 0.97935 0.98308
0.98374 0.98595 0.98549 0.98813 0.98888 0.99098 0.98887 0.98867 0.98756 0.98827
0.99191 0.99019 0.99353 0.99635 0.99831 1.00140 1.00110 1.00290 1.00330 1.00495
1.00506 1.00672 1.00596 1.00623 1.00625 1.00720 1.00610 1.00686 1.00494 1.00531
1.00473 1.00612 1.00603 1.00321 1.00487 1.00382 1.00324 1.00071 1.00314 1.00134
1.00000
1.00233 1.00212 0.99884 0.99959 0.99935 0.99931 0.99905 0.99919 0.99243 0.99688
0.99536 0.99223 0.99225 0.99279 0.98955 0.98656 0.98932 0.98650 0.98607 0.98605
0.98526 0.98317 0.98496 0.98508 0.98357 0.98281 0.97933 0.98080 0.97975 0.97568
0.97507 0.97254 0.97146 0.96863 0.96718 0.96500 0.96261 0.96019 0.95866 0.95666
0.95464 0.95266 0.94890 0.94769 0.94427 0.94395 0.94296 0.94102 0.93833 0.93503
0.93306 0.93360 0.92962 0.93045 0.92914 0.92589 0.92462 0.92394 0.92033 0.92375
0.92161 0.92164 0.92099 0.92042 0.92218 0.92440 0.92594 0.92432 0.92411 0.92310
0.92601 0.92981 0.93256 0.93839 0.94234 0.95299 0.95619 0.96629 0.96709 0.96130
0.93585 0.92220 0.89699 0.84697 0.80232 0.77220 0.75531 0.73892 0.72422 1.95000 
END
WE4
1.95000 0.46808 0.59353 0.64353 0.70882 0.76793 0.81629 0.87211 0.91281 0.94822
0.97997 1.00847 1.01975 1.01327 1.00017 0.99429 0.97925 0.97211 0.96754 0.96336
0.96070 0.96063 0.95923 0.95524 0.95529 0.95546 0.95751 0.95781 0.95618 0.96050
0.96460 0.95667 0.95815 0.95808 0.95931 0.96145 0.96098 0.96595 0.96764 0.97201
0.97179 0.97444 0.97489 0.97560 0.97889 0.97806 0.97873 0.98052 0.98141 0.98295
0.98449 0.98562 0.98559 0.98773 0.98922 0.98944 0.98927 0.98742 0.98600 0.98673
0.98841 0.98822 0.99153 0.99446 0.99697 0.99812 0.99809 1.00036 0.99941 1.00067
1.00174 1.00339 1.00237 1.00389 1.00243 1.00485 1.00363 1.00390 1.00240 1.00279
1.00315 1.00378 1.00235 1.00162 1.00208 1.00126 1.00055 0.99982 1.00236 1.00046
1.00000
1.00054 1.00112 0.99924 0.99926 0.99864 0.99823 0.99914 0.99779 0.99326 0.99623
0.99620 0.99423 0.99311 0.99271 0.99146 0.98919 0.99072 0.98762 0.98877 0.98763
0.98651 0.98519 0.98505 0.98775 0.98612 0.98579 0.98443 0.98362 0.98267 0.97994
0.97878 0.97753 0.97721 0.97394 0.97371 0.97159 0.96963 0.96816 0.96685 0.96559
0.96318 0.96278 0.95873 0.95829 0.95627 0.95615 0.95444 0.95256 0.95065 0.94813
0.94686 0.94604 0.94323 0.94271 0.94096 0.93842 0.93718 0.93760 0.93578 0.93546
0.93386 0.93348 0.93337 0.93074 0.93132 0.93113 0.93086 0.92970 0.92958 0.93225
0.93312 0.93262 0.94137 0.94316 0.94862 0.95438 0.96590 0.96972 0.96995 0.95734
0.93723 0.91536 0.87612 0.84129 0.79656 0.75257 0.72794 0.68435 0.63232 1.95000 
END
WE5
1.95000 0.53474 0.61403 0.67056 0.72627 0.77406 0.82623 0.87099 0.91287 0.94962
0.97810 1.00429 1.01419 1.00918 0.99747 0.99303 0.97739 0.97033 0.96571 0.96196
0.95891 0.95855 0.95516 0.95418 0.95288 0.95288 0.95272 0.95397 0.95300 0.95840
0.96194 0.95392 0.95547 0.95517 0.95678 0.95863 0.96011 0.96284 0.96555 0.96846
0.97068 0.97205 0.97284 0.97423 0.97590 0.97610 0.97634 0.97896 0.97963 0.98083
0.98275 0.98387 0.98374 0.98607 0.98764 0.98706 0.98647 0.98559 0.98516 0.98619
0.98853 0.98756 0.99035 0.99380 0.99568 0.99679 0.99739 0.99903 0.99903 0.99978
1.00125 1.00269 1.00232 1.00286 1.00230 1.00377 1.00307 1.00280 1.00168 1.00272
1.00227 1.00312 1.00258 1.00182 1.00257 1.00089 1.00138 0.99982 1.00261 1.00029
1.00000
1.00094 1.00143 0.99855 0.99930 0.99888 0.99790 0.99937 0.99884 0.99291 0.99641
0.99611 0.99366 0.99361 0.99438 0.99170 0.98976 0.99122 0.98797 0.98963 0.98861
0.98725 0.98657 0.98587 0.98821 0.98684 0.98672 0.98478 0.98433 0.98375 0.98126
0.98001 0.97851 0.97760 0.97644 0.97435 0.97276 0.97171 0.96939 0.96818 0.96652
0.96420 0.96351 0.96084 0.95931 0.95827 0.95724 0.95632 0.95479 0.95194 0.95009
0.94927 0.94848 0.94489 0.94390 0.94410 0.94136 0.94045 0.93934 0.93721 0.93677
0.93648 0.93484 0.93286 0.93331 0.93525 0.93456 0.93260 0.93297 0.93476 0.93518
0.93673 0.93881 0.94103 0.94830 0.95227 0.95703 0.96534 0.97034 0.96833 0.95914
0.94060 0.91160 0.87678 0.83204 0.79026 0.74987 0.70728 0.64717 0.60439 1.95000 
END
WE6
1.95000 0.60896 0.68576 0.72102 0.76305 0.80093 0.84104 0.88265 0.92205 0.95437
0.98360 1.00756 1.02153 1.01697 1.00732 0.99970 0.98568 0.97988 0.97550 0.97087
0.96739 0.96654 0.96386 0.96205 0.95988 0.96089 0.96085 0.95976 0.95884 0.96457
0.96650 0.95900 0.96090 0.96014 0.96111 0.96309 0.96432 0.96735 0.97061 0.97218
0.97392 0.97537 0.97599 0.97672 0.97930 0.97833 0.97910 0.98106 0.98146 0.98233
0.98465 0.98524 0.98495 0.98703 0.98796 0.98804 0.98768 0.98641 0.98487 0.98606
0.98768 0.98719 0.98960 0.99277 0.99457 0.99567 0.99641 0.99786 0.99742 0.99857
0.99957 1.00039 0.99992 1.00025 1.00009 1.00187 1.00086 1.00084 0.99957 1.00009
1.00007 1.00101 1.00059 0.99943 1.00052 0.99950 1.00020 0.99895 1.00139 0.99971
1.00000
1.00038 1.00054 0.99799 0.99850 0.99793 0.99674 0.99805 0.99729 0.99199 0.99570
0.99543 0.99341 0.99275 0.99316 0.99145 0.98967 0.99105 0.98890 0.98992 0.98873
0.98798 0.98726 0.98773 0.99018 0.98898 0.98895 0.98730 0.98712 0.98696 0.98466
0.98382 0.98255 0.98197 0.98060 0.97973 0.97855 0.97726 0.97551 0.97393 0.97395
0.97170 0.97119 0.96917 0.96748 0.96674 0.96619 0.96534 0.96376 0.96200 0.96014
0.95972 0.95928 0.95644 0.95542 0.95521 0.95322 0.95211 0.95244 0.95012 0.95063
0.94967 0.94959 0.94789 0.94867 0.94893 0.94925 0.94871 0.94933 0.94976 0.95200
0.95487 0.95668 0.95992 0.96393 0.96849 0.97570 0.98345 0.98705 0.97997 0.96537
0.93697 0.90173 0.86002 0.81279 0.76072 0.70619 0.65203 0.59249 0.51621 1.95000 
END
WE7
1.95000 0.66237 0.71154 0.75042 0.78421 0.82245 0.86015 0.89842 0.93296 0.96613
0.99534 1.01767 1.03146 1.02763 1.01694 1.00863 0.99727 0.98953 0.98590 0.98074
0.97704 0.97470 0.97227 0.97025 0.96778 0.96776 0.96709 0.96614 0.96476 0.96916
0.97051 0.96465 0.96587 0.96543 0.96648 0.96797 0.96895 0.97139 0.97351 0.97525
0.97665 0.97767 0.97836 0.97898 0.98117 0.98054 0.98101 0.98291 0.98312 0.98394
0.98578 0.98670 0.98634 0.98805 0.98903 0.98963 0.98925 0.98851 0.98735 0.98847
0.99005 0.98932 0.99169 0.99410 0.99551 0.99654 0.99732 0.99817 0.99790 0.99865
0.99965 1.00055 0.99993 1.00042 0.99994 1.00128 1.00049 1.00040 0.99970 1.00030
1.00009 1.00079 1.00047 0.99938 1.00033 0.99934 1.00020 0.99926 1.00128 0.99976
1.00000
1.00053 1.00054 0.99850 0.99874 0.99841 0.99754 0.99843 0.99817 0.99418 0.99698
0.99662 0.99500 0.99455 0.99511 0.99349 0.99209 0.99322 0.99159 0.99231 0.99163
0.99091 0.99046 0.99076 0.99276 0.99167 0.99163 0.99068 0.99023 0.98961 0.98787
0.98697 0.98586 0.98549 0.98411 0.98328 0.98194 0.98085 0.97924 0.97776 0.97767
0.97558 0.97507 0.97339 0.97190 0.97100 0.97047 0.96958 0.96827 0.96681 0.96514
0.96463 0.96364 0.96157 0.96046 0.95993 0.95809 0.95703 0.95751 0.95538 0.95588
0.95476 0.95484 0.95388 0.95462 0.95537 0.95579 0.95588 0.95680 0.95862 0.96053
0.96349 0.96645 0.97033 0.97547 0.98083 0.98773 0.99659 0.99914 0.99143 0.97268
0.94244 0.90161 0.85734 0.80549 0.74990 0.68672 0.62582 0.54734 0.45385 1.95000 
END
# From Files: MY469.5E9D.20160525120.WE  and  MY469.5E9D.20160525124.SN
# SN    Norm Channel:  2 0 0 0 0 0 0
# WE    Norm Channel:  2 0 0 0 0 0 0
# SN    Gains  J:   5 7 7 6 5 4 2
# WE    Gains  J:   5 7 7 6 5 4 2
# SN    1st moment deg:  -0.23 -0.34 -0.28 -0.21 -0.2 -0.21 -0.24
# WE    1st moment deg:  -0.26 -0.47 -0.4 -0.31 -0.26 -0.2 -0.19
# SN    Ref. Ch. St.Dev:  0.506 0.483 0.511
# WE    Ref. Ch. St.Dev:  0.923 0.939 0.769
# SN:   I 1 2 512 7
# WE:   I 1 2 512 7
# SN:   G 2 4  (1deg) 
# WE:   G 2 4  (1deg) 
# SN:   Ref_offset:  -3.05 -4.1  -4.2
# WE:   Ref_offset:  -2.95 -4.5  -3.05
# SN:   temp1:  39.529 39.432  0.047094
# WE:   temp1:  40.655 38.827  0.69898
# SN:   temp2:  39.003 38.944  0.024159
# WE:   temp2:  40.378 37.429  1.2206
# SN:   temp3:  23.044 21.834  1.4943
# WE:   temp3:  22.491 20.725  1.745
